# tStepInit totalTime sampleInterval to2PN absTol relTol
1	150000	0	1	0.001	1e-09
# t[s]	r[km]	v[km/s]	dt[s]	E_newt	L_newt
0.0000000000e+00	7.4660000000e+05	9.0160000000e+02	1.0000000000e+00	-9.6222623027e+04	6.7313456000e+08	7.4660000000e+05	0.0000000000e+00
1.0000000000e+00	7.4660020776e+05	9.0159984486e+02	5.0000000000e+00	-9.6222623021e+04	6.7313456000e+08	7.4659966337e+05	9.0159986450e+02
6.0000000000e+00	7.4660747921e+05	9.0159441516e+02	2.5000000000e+01	-9.6222622821e+04	6.7313456013e+08	7.4658788133e+05	5.4095707312e+03
3.1000000000e+01	7.4679961376e+05	9.0145097185e+02	7.2774814612e+01	-9.6222617527e+04	6.7313456352e+08	7.4627656304e+05	2.7945564319e+04
1.0377481461e+02	7.4883223963e+05	8.9993657539e+02	7.2898798038e+01	-9.6222561721e+04	6.7313459924e+08	7.4298307089e+05	9.3412416147e+04
1.7667361265e+02	7.5304194008e+05	8.9681814038e+02	7.3475822372e+01	-9.6222447639e+04	6.7313467260e+08	7.3616203550e+05	1.5854848158e+05
2.5014943502e+02	7.5942974295e+05	8.9213189903e+02	7.4563251216e+01	-9.6222278202e+04	6.7313478237e+08	7.2581179329e+05	2.2345195277e+05
3.2471268624e+02	7.6802803480e+05	8.8590912495e+02	7.6188910554e+01	-9.6222056855e+04	6.7313492724e+08	7.1187987068e+05	2.8826049324e+05
4.0090159679e+02	7.7890138310e+05	8.7817586198e+02	7.8403909781e+01	-9.6221787496e+04	6.7313510587e+08	6.9426165190e+05	3.5311205488e+05
4.7930550657e+02	7.9215039800e+05	8.6895125723e+02	8.1288453343e+01	-9.6221474342e+04	6.7313531689e+08	6.7279412188e+05	4.1815107630e+05
5.6059395992e+02	8.0791862954e+05	8.5824481443e+02	8.4962266121e+01	-9.6221121797e+04	6.7313555903e+08	6.4724469071e+05	4.8353575079e+05
6.4555622604e+02	8.2640380338e+05	8.4605217260e+02	8.9601630131e+01	-9.6220734285e+04	6.7313583114e+08	6.1729298864e+05	5.4944755201e+05
7.3515785617e+02	8.4787558160e+05	8.3234879124e+02	9.5464824401e+01	-9.6220316077e+04	6.7313613233e+08	5.8250208845e+05	6.1610414609e+05
8.3062268057e+02	8.7270288454e+05	8.1708095424e+02	1.0291750702e+02	-9.6219871101e+04	6.7313646215e+08	5.4227423624e+05	6.8377553144e+05
9.3354018759e+02	9.0139145605e+05	8.0015565591e+02	1.1237623167e+02	-9.6219402830e+04	6.7313682068e+08	4.9578998532e+05	7.5279402727e+05
1.0459164193e+03	9.3460573799e+05	7.8144593774e+02	1.2368704942e+02	-9.6218914682e+04	6.7313720835e+08	4.4197275410e+05	8.2349740141e+05
1.1696034687e+03	9.7298484821e+05	7.6090793160e+02	1.3374107111e+02	-9.6218413032e+04	6.7313762345e+08	3.7978699922e+05	8.9580207081e+05
1.3033445398e+03	1.0161220926e+06	7.3907578622e+02	1.3765048262e+02	-9.6217917288e+04	6.7313805268e+08	3.0989171170e+05	9.6771443831e+05
1.4409950224e+03	1.0618016061e+06	7.1725576929e+02	1.3818095778e+02	-9.6217458685e+04	6.7313846910e+08	2.3587727515e+05	1.0352702844e+06
1.5791759802e+03	1.1085335370e+06	6.9617281952e+02	1.3943481634e+02	-9.6217048841e+04	6.7313885948e+08	1.6015769963e+05	1.0969029646e+06
1.7186107965e+03	1.1562217234e+06	6.7581863404e+02	1.4214102683e+02	-9.6216682580e+04	6.7313922525e+08	8.2888797062e+04	1.1532467737e+06
1.8607518233e+03	1.2050876224e+06	6.5605494789e+02	1.4604574477e+02	-9.6216353177e+04	6.7313956999e+08	3.7117437135e+03	1.2050819062e+06
2.0067975681e+03	1.2553089042e+06	6.3678146112e+02	1.5090817863e+02	-9.6216055563e+04	6.7313989629e+08	-7.7661335120e+04	1.2529042909e+06
2.1577057467e+03	1.3070006139e+06	6.1793478572e+02	1.5658238423e+02	-9.6215785941e+04	6.7314020595e+08	-1.6141684171e+05	1.2969946831e+06
2.3142881310e+03	1.3602346132e+06	5.9947403910e+02	1.6298426189e+02	-9.6215541302e+04	6.7314050024e+08	-2.4767120835e+05	1.3374966077e+06
2.4772723929e+03	1.4150530853e+06	5.8137173545e+02	1.7006649318e+02	-9.6215319150e+04	6.7314078014e+08	-3.3649277844e+05	1.3744627475e+06
2.6473388860e+03	1.4714760873e+06	5.6360861435e+02	1.7780424251e+02	-9.6215117344e+04	6.7314104645e+08	-4.2791404476e+05	1.4078819005e+06
2.8251431286e+03	1.5295055826e+06	5.4617066722e+02	1.8618699661e+02	-9.6214934006e+04	6.7314129984e+08	-5.2193818223e+05	1.4376953297e+06
3.0113301252e+03	1.5891274410e+06	5.2904738591e+02	1.9521371358e+02	-9.6214767464e+04	6.7314154091e+08	-6.1854229001e+05	1.4638071797e+06
3.2065438388e+03	1.6503122227e+06	5.1223071542e+02	2.0488979730e+02	-9.6214616217e+04	6.7314177018e+08	-7.1767866026e+05	1.4860914417e+06
3.4114336361e+03	1.7130151891e+06	4.9571443014e+02	2.1522511438e+02	-9.6214478908e+04	6.7314198816e+08	-8.1927479697e+05	1.5043968377e+06
3.6266587504e+03	1.7771757954e+06	4.7949377665e+02	2.2623262708e+02	-9.6214354302e+04	6.7314219528e+08	-9.2323259346e+05	1.5185504227e+06
3.8528913775e+03	1.8427168109e+06	4.6356529325e+02	2.3792740188e+02	-9.6214241278e+04	6.7314239196e+08	-1.0294269068e+06	1.5283603923e+06
4.0908187794e+03	1.9095431552e+06	4.4792675412e+02	2.5032585457e+02	-9.6214138814e+04	6.7314257860e+08	-1.1377036725e+06	1.5336184060e+06
4.3411446340e+03	1.9775405063e+06	4.3257720836e+02	2.6344515085e+02	-9.6214045979e+04	6.7314275557e+08	-1.2478776491e+06	1.5341016351e+06
4.6045897848e+03	2.0465737150e+06	4.1751709814e+02	2.7730271679e+02	-9.6213961921e+04	6.7314292320e+08	-1.3597298495e+06	1.5295746818e+06
4.8818925016e+03	2.1164850509e+06	4.0274844945e+02	2.9191583829e+02	-9.6213885867e+04	6.7314308182e+08	-1.4730046982e+06	1.5197914757e+06
5.1738083399e+03	2.1870922954e+06	3.8827513563e+02	3.0730134831e+02	-9.6213817109e+04	6.7314323174e+08	-1.5874069423e+06	1.5044972277e+06
5.4811096882e+03	2.2581866970e+06	3.7410321936e+02	3.2347541879e+02	-9.6213755006e+04	6.7314337321e+08	-1.7025983383e+06	1.4834305030e+06
5.8045851070e+03	2.3295307974e+06	3.6024138334e+02	3.4045349714e+02	-9.6213698973e+04	6.7314350651e+08	-1.8181941295e+06	1.4563254593e+06
6.1450386041e+03	2.4008561383e+06	3.4670146468e+02	3.5825045627e+02	-9.6213648479e+04	6.7314363185e+08	-1.9337593313e+06	1.4229142790e+06
6.5032890604e+03	2.4718608539e+06	3.3349911215e+02	3.7688106807e+02	-9.6213603045e+04	6.7314374945e+08	-2.0488048298e+06	1.3829298068e+06
6.8801701285e+03	2.5422071496e+06	3.2065459050e+02	3.9636097628e+02	-9.6213562237e+04	6.7314385948e+08	-2.1627832965e+06	1.3361083802e+06
7.2765311048e+03	2.6115186569e+06	3.0819376039e+02	4.1670844237e+02	-9.6213525663e+04	6.7314396211e+08	-2.2750849036e+06	1.2821928002e+06
7.6932395471e+03	2.6793776392e+06	2.9614926680e+02	4.3794730243e+02	-9.6213492973e+04	6.7314405744e+08	-2.3850327956e+06	1.2209353371e+06
8.1311868496e+03	2.7453219874e+06	2.8456197207e+02	4.6011184475e+02	-9.6213463855e+04	6.7314414557e+08	-2.4918782222e+06	1.1521005774e+06
8.5912986943e+03	2.8088418882e+06	2.7348267166e+02	4.8325479183e+02	-9.6213438035e+04	6.7314422656e+08	-2.5947951396e+06	1.0754677755e+06
9.0745534861e+03	2.8693759442e+06	2.6297413012e+02	5.0746043239e+02	-9.6213415273e+04	6.7314430041e+08	-2.6928739250e+06	9.9083214189e+05
9.5820139185e+03	2.9263063363e+06	2.5311347457e+02	5.3286658680e+02	-9.6213395365e+04	6.7314436708e+08	-2.7851135368e+06	8.9800409858e+05
1.0114880505e+04	2.9789522700e+06	2.4399498884e+02	5.5970240121e+02	-9.6213378145e+04	6.7314442648e+08	-2.8704108971e+06	7.9680481216e+05
1.0674582907e+04	3.0265602842e+06	2.3573338714e+02	5.8835608828e+02	-9.6213363485e+04	6.7314447842e+08	-2.9475451885e+06	6.8705495827e+05
1.1262938995e+04	3.0682886577e+06	2.2846777461e+02	6.1950331137e+02	-9.6213351301e+04	6.7314452264e+08	-3.0151525872e+06	5.6855093236e+05
1.1882442306e+04	3.1031802454e+06	2.2236688988e+02	6.5436903073e+02	-9.6213341565e+04	6.7314455873e+08	-3.0716822495e+06	4.4101677239e+05
1.2536811337e+04	3.1301112089e+06	2.1763732771e+02	6.9531324246e+02	-9.6213334320e+04	6.7314458605e+08	-3.1153132377e+06	3.0400593993e+05
1.3232124579e+04	3.1476847749e+06	2.1453962320e+02	7.4727672391e+02	-9.6213329718e+04	6.7314460368e+08	-3.1437823732e+06	1.5669024232e+05
1.3979401303e+04	3.1539828241e+06	2.1342702513e+02	8.2113520819e+02	-9.6213328105e+04	6.7314461003e+08	-3.1539817280e+06	-2.6294245851e+03
1.4800536511e+04	3.1459019591e+06	2.1485433029e+02	9.1719401230e+02	-9.6213330230e+04	6.7314460217e+08	-3.1408828382e+06	-1.7763482959e+05
1.5717730524e+04	3.1182308931e+06	2.1972619059e+02	8.5361982363e+02	-9.6213337622e+04	6.7314457458e+08	-3.0960419114e+06	-3.7133325436e+05
1.6452120337e+04	3.0817379981e+06	2.2611930637e+02	7.3347139621e+02	-9.6213347666e+04	6.7314453727e+08	-3.0369085779e+06	-5.2373216281e+05
1.7185591733e+04	3.0323464324e+06	2.3472754292e+02	6.6931149076e+02	-9.6213361959e+04	6.7314448531e+08	-2.9568760322e+06	-6.7231615799e+05
1.7854903224e+04	2.9757469775e+06	2.4455050258e+02	6.1745920030e+02	-9.6213379388e+04	6.7314442364e+08	-2.8651653186e+06	-8.0367765387e+05
1.8472362424e+04	2.9135298727e+06	2.5532567539e+02	5.7579099491e+02	-9.6213399958e+04	6.7314435309e+08	-2.7643529744e+06	-9.2033089287e+05
1.9048153419e+04	2.8466199751e+06	2.6692034833e+02	5.3991211444e+02	-9.6213423891e+04	6.7314427379e+08	-2.6559374528e+06	-1.0243249141e+06
1.9588065533e+04	2.7758490506e+06	2.7922899300e+02	5.0770649379e+02	-9.6213451464e+04	6.7314418575e+08	-2.5412664029e+06	-1.1168272118e+06
2.0095772027e+04	2.7019831568e+06	2.9216562729e+02	4.7813198168e+02	-9.6213483001e+04	6.7314408896e+08	-2.4215810217e+06	-1.1986068310e+06
2.0573904009e+04	2.6257210158e+06	3.0566128735e+02	4.5062190161e+02	-9.6213518879e+04	6.7314398331e+08	-2.2980134097e+06	-1.2702539989e+06
2.1024525910e+04	2.5476962238e+06	3.1966115810e+02	4.2484330838e+02	-9.6213559528e+04	6.7314386868e+08	-2.1715901492e+06	-1.3322733474e+06
2.1449369219e+04	2.4684806764e+06	3.3412190905e+02	4.0058812184e+02	-9.6213605432e+04	6.7314374489e+08	-2.0432378523e+06	-1.3851266833e+06
2.1849957341e+04	2.3885881211e+06	3.4900942940e+02	3.7771859551e+02	-9.6213657135e+04	6.7314361173e+08	-1.9137889155e+06	-1.4292533712e+06
2.2227675936e+04	2.3084776581e+06	3.6429695642e+02	3.5613791433e+02	-9.6213715244e+04	6.7314346895e+08	-1.7839871931e+06	-1.4650797906e+06
2.2583813850e+04	2.2285571976e+06	3.7996354256e+02	3.3577354816e+02	-9.6213780431e+04	6.7314331629e+08	-1.6544935977e+06	-1.4930231473e+06
2.2919587399e+04	2.1491868859e+06	3.9599280036e+02	3.1656753388e+02	-9.6213853442e+04	6.7314315345e+08	-1.5258916516e+06	-1.5134922986e+06
2.3236154932e+04	2.0706824987e+06	4.1237187010e+02	2.9847071466e+02	-9.6213935094e+04	6.7314298010e+08	-1.3986929858e+06	-1.5268870102e+06
2.3534625647e+04	1.9933187886e+06	4.2909056351e+02	2.8143932728e+02	-9.6214026288e+04	6.7314279591e+08	-1.2733427624e+06	-1.5335964275e+06
2.3816064974e+04	1.9173327607e+06	4.4614064480e+02	2.6543302311e+02	-9.6214128006e+04	6.7314260054e+08	-1.1502249833e+06	-1.5339971979e+06
2.4081497997e+04	1.8429268561e+06	4.6351521779e+02	2.5041378679e+02	-9.6214241320e+04	6.7314239362e+08	-1.0296676477e+06	-1.5284514817e+06
2.4331911784e+04	1.7702720176e+06	4.8120819381e+02	2.3634543029e+02	-9.6214367396e+04	6.7314217478e+08	-9.1194772027e+05	-1.5173049700e+06
2.4568257215e+04	1.6995106210e+06	4.9921382049e+02	2.2319346893e+02	-9.6214507490e+04	6.7314194367e+08	-7.9729587930e+05	-1.5008849495e+06
2.4791450683e+04	1.6307592524e+06	5.1752625562e+02	2.1092526657e+02	-9.6214662958e+04	6.7314169990e+08	-6.8590101843e+05	-1.4794984056e+06
2.5002375950e+04	1.5641113216e+06	5.3613917421e+02	1.9951039268e+02	-9.6214835252e+04	6.7314144314e+08	-5.7791448018e+05	-1.4534301084e+06
2.5201886343e+04	1.4996394989e+06	5.5504540057e+02	1.8892117617e+02	-9.6215025916e+04	6.7314117305e+08	-4.7345400433e+05	-1.4229405934e+06
2.5390807519e+04	1.4373979656e+06	5.7423656081e+02	1.7913347949e+02	-9.6215236586e+04	6.7314088931e+08	-3.7260737533e+05	-1.3882638998e+06
2.5569940998e+04	1.3774244702e+06	5.9370275562e+02	1.7012776008e+02	-9.6215468980e+04	6.7314059165e+08	-2.7543575263e+05	-1.3496048745e+06
2.5740068758e+04	1.3197421748e+06	6.1343225858e+02	1.6189054242e+02	-9.6215724888e+04	6.7314027984e+08	-1.8197666431e+05	-1.3071357625e+06
2.5901959301e+04	1.2643612800e+06	6.3341125225e+02	1.5441650445e+02	-9.6216006158e+04	6.7313995370e+08	-9.2246638583e+04	-1.2609916749e+06
2.6056375805e+04	1.2112804061e+06	6.5362362269e+02	1.4771149505e+02	-9.6216314675e+04	6.7313961310e+08	-6.2434431479e+03	-1.2112643153e+06
2.6204087300e+04	1.1604877215e+06	6.7405083913e+02	1.4179692351e+02	-9.6216652345e+04	6.7313925800e+08	7.6052086224e+04	-1.1579930189e+06
2.6345884224e+04	1.1119618561e+06	6.9467193254e+02	1.3671592806e+02	-9.6217021065e+04	6.7313888844e+08	1.5467456479e+05	-1.1011516465e+06
2.6482600152e+04	1.0656728551e+06	7.1546348774e+02	1.3254062148e+02	-9.6217422697e+04	6.7313850453e+08	2.2967251279e+05	-1.0406292188e+06
2.6615140773e+04	1.0215842653e+06	7.3639910669e+02	1.2937301596e+02	-9.6217859027e+04	6.7313810650e+08	3.0110497208e+05	-9.7620192934e+05
2.6744513789e+04	9.7966074550e+05	7.5744585145e+02	1.2729757280e+02	-9.6218331637e+04	6.7313769474e+08	3.6902917355e+05	-9.0749801396e+05
2.6871811362e+04	9.3989907040e+05	7.7854673523e+02	1.2607952828e+02	-9.6218841400e+04	6.7313727021e+08	4.3345030044e+05	-8.3398507156e+05
2.6997890890e+04	9.0245412724e+05	7.9954273687e+02	1.2397360376e+02	-9.6219386130e+04	6.7313683611e+08	4.9411734734e+05	-7.5516322661e+05
2.7121864494e+04	8.6805102372e+05	8.1989643703e+02	1.1713341064e+02	-9.6219951596e+04	6.7313640414e+08	5.4985545126e+05	-6.7169305676e+05
2.7238997905e+04	8.3828907041e+05	8.3840779808e+02	1.0641898429e+02	-9.6220499132e+04	6.7313600185e+08	5.9807347193e+05	-5.8739823607e+05
2.7345416889e+04	8.1403322164e+05	8.5416980861e+02	9.6674208271e+01	-9.6220991176e+04	6.7313565233e+08	6.3737016134e+05	-5.0636880174e+05
2.7442091097e+04	7.9467335169e+05	8.6721865086e+02	8.9367722332e+01	-9.6221417083e+04	6.7313535812e+08	6.6873413618e+05	-4.2930221405e+05
2.7531458820e+04	7.7933399150e+05	8.7787126031e+02	8.4040360981e+01	-9.6221777586e+04	6.7313511467e+08	6.9358386008e+05	-3.5539119199e+05
2.7615499181e+04	7.6737587500e+05	8.8637773612e+02	8.0126447102e+01	-9.6222073908e+04	6.7313491814e+08	7.1295508031e+05	-2.8383232196e+05
2.7695625628e+04	7.5837337632e+05	8.9290311347e+02	7.7256535753e+01	-9.6222306384e+04	6.7313476611e+08	7.2753739923e+05	-2.1405492432e+05
2.7772882164e+04	7.5203820848e+05	8.9755948898e+02	7.5204082657e+01	-9.6222475044e+04	6.7313465695e+08	7.3779790074e+05	-1.4565618651e+05
2.7848086246e+04	7.4817138850e+05	9.0042831491e+02	7.3828003421e+01	-9.6222580102e+04	6.7313458942e+08	7.4405897683e+05	-7.8336872424e+04
2.7921914250e+04	7.4663626508e+05	9.0157292080e+02	7.3040051511e+01	-9.6222622240e+04	6.7313456241e+08	7.4654202830e+05	-1.1862221975e+04
2.7994954301e+04	7.4734310319e+05	9.0104549070e+02	7.2793228916e+01	-9.6222602738e+04	6.7313457486e+08	7.4539244071e+05	5.3961312239e+04
2.8067747530e+04	7.5024048538e+05	8.9889069505e+02	7.3067240251e+01	-9.6222523522e+04	6.7313462565e+08	7.4069351559e+05	1.1930591715e+05
2.8140814770e+04	7.5531129531e+05	8.9514702705e+02	7.3844567350e+01	-9.6222387128e+04	6.7313471359e+08	7.3247297755e+05	1.8433255268e+05
2.8214659338e+04	7.6256933689e+05	8.8984849954e+02	7.5140713690e+01	-9.6222196683e+04	6.7313483742e+08	7.2070845301e+05	2.4918129811e+05
2.8289800051e+04	7.7205944359e+05	8.8302445598e+02	7.6992322774e+01	-9.6221955826e+04	6.7313499583e+08	7.0532729199e+05	3.1398916479e+05
2.8366792374e+04	7.8385985392e+05	8.7469846060e+02	7.9461109054e+01	-9.6221668596e+04	6.7313518745e+08	6.8620271865e+05	3.7889589533e+05
2.8446253483e+04	7.9808716241e+05	8.6488623903e+02	8.2641376436e+01	-9.6221339303e+04	6.7313541096e+08	6.6314580896e+05	4.4405039676e+05
2.8528894860e+04	8.1490473749e+05	8.5359240693e+02	8.6672769292e+01	-9.6220972379e+04	6.7313566510e+08	6.3589185084e+05	5.0961876459e+05
2.8615567629e+04	8.3453622332e+05	8.4080550405e+02	9.1760575787e+01	-9.6220572208e+04	6.7313594881e+08	6.0407846653e+05	5.7579502804e+05
2.8707328205e+04	8.5728671047e+05	8.2649065655e+02	9.8203645935e+01	-9.6220142949e+04	6.7313626137e+08	5.6721130914e+05	6.4281555265e+05
2.8805531851e+04	8.8357449815e+05	8.1057963854e+02	1.0640676966e+02	-9.6219688351e+04	6.7313660252e+08	5.2461259783e+05	7.1097504596e+05
2.8911938620e+04	9.1396924027e+05	7.9296295156e+02	1.1670487001e+02	-9.6219211752e+04	6.7313697256e+08	4.7535931076e+05	7.8062365954e+05
2.9028643490e+04	9.4917497697e+05	7.7351867247e+02	1.2815871918e+02	-9.6218717081e+04	6.7313737164e+08	4.1831069000e+05	8.5202658617e+05
2.9156802210e+04	9.8960548991e+05	7.5234642813e+02	1.3606571872e+02	-9.6218214297e+04	6.7313779504e+08	3.5279634615e+05	9.2458302158e+05
2.9292867928e+04	1.0340443375e+06	7.3036336788e+02	1.3794329641e+02	-9.6217730040e+04	6.7313822223e+08	2.8078750546e+05	9.9519147334e+05
2.9430811225e+04	1.0802140075e+06	7.0880682904e+02	1.3850274456e+02	-9.6217290797e+04	6.7313862873e+08	2.0597465722e+05	1.0603946164e+06
2.9569313969e+04	1.1273019929e+06	6.8802907508e+02	1.4034415064e+02	-9.6216899101e+04	6.7313900891e+08	1.2967433203e+05	1.1198188919e+06
2.9709658120e+04	1.1754309440e+06	6.6792385233e+02	1.4356061744e+02	-9.6216548157e+04	6.7313936597e+08	5.1687747236e+04	1.1742939500e+06
2.9853218737e+04	1.2248165510e+06	6.4836396365e+02	1.4786767285e+02	-9.6216231871e+04	6.7313970314e+08	-2.8334619693e+04	1.2244887639e+06
3.0001086410e+04	1.2756094778e+06	6.2926565182e+02	1.5306503952e+02	-9.6215945750e+04	6.7314002267e+08	-1.1063691082e+05	1.2708025078e+06
3.0154151450e+04	1.3279055529e+06	6.1057588224e+02	1.5903515537e+02	-9.6215686353e+04	6.7314032611e+08	-1.9537440595e+05	1.3134542241e+06
3.0313186605e+04	1.3817636583e+06	5.9225990155e+02	1.6571077451e+02	-9.6215450901e+04	6.7314061459e+08	-2.8264251292e+05	1.3525472330e+06
3.0478897380e+04	1.4372165471e+06	5.7429394991e+02	1.7305477043e+02	-9.6215237050e+04	6.7314088901e+08	-3.7249429714e+05	1.3881064087e+06
3.0651952150e+04	1.4942767623e+06	5.5666111991e+02	1.8104872931e+02	-9.6215042774e+04	6.7314115013e+08	-4.6495007400e+05	1.4201001623e+06
3.0833000879e+04	1.5529397323e+06	5.3934895190e+02	1.8968634579e+02	-9.6214866280e+04	6.7314139857e+08	-5.6000242521e+05	1.4484540365e+06
3.1022687225e+04	1.6131852176e+06	5.2234800682e+02	1.9896942318e+02	-9.6214705970e+04	6.7314163491e+08	-6.5761854356e+05	1.4730595363e+06
3.1221656648e+04	1.6749777484e+06	5.0565101167e+02	2.0890532955e+02	-9.6214560400e+04	6.7314185965e+08	-7.5774094216e+05	1.4937801452e+06
3.1430561978e+04	1.7382664073e+06	4.8925235555e+02	2.1950529662e+02	-9.6214428265e+04	6.7314207327e+08	-8.6028710316e+05	1.5104556276e+06
3.1650067274e+04	1.8029841609e+06	4.7314781061e+02	2.3078322346e+02	-9.6214308377e+04	6.7314227621e+08	-9.6514839441e+05	1.5229052699e+06
3.1880850498e+04	1.8690468589e+06	4.5733440574e+02	2.4275479149e+02	-9.6214199654e+04	6.7314246887e+08	-1.0721884484e+06	1.5309304660e+06
3.2123605289e+04	1.9363519749e+06	4.4181041096e+02	2.5543677847e+02	-9.6214101112e+04	6.7314265163e+08	-1.1812411222e+06	1.5343169105e+06
3.2379042068e+04	2.0047771343e+06	4.2657540909e+02	2.6884650663e+02	-9.6214011852e+04	6.7314282486e+08	-1.2921081119e+06	1.5328365815e+06
3.2647888574e+04	2.0741784596e+06	4.1163044304e+02	2.8300138964e+02	-9.6213931054e+04	6.7314298889e+08	-1.4045562721e+06	1.5262496391e+06
3.2930889964e+04	2.1443887535e+06	3.9697823504e+02	2.9791856621e+02	-9.6213857971e+04	6.7314314402e+08	-1.5183146724e+06	1.5143063368e+06
3.3228808530e+04	2.2152155367e+06	3.8262348033e+02	3.1361462530e+02	-9.6213791924e+04	6.7314329056e+08	-1.6330714178e+06	1.4967490164e+06
3.3542423156e+04	2.2864389502e+06	3.6857322278e+02	3.3010544942e+02	-9.6213732292e+04	6.7314342877e+08	-1.7484702505e+06	1.4733142421e+06
3.3872528605e+04	2.3578095337e+06	3.5483732465e+02	3.4740622549e+02	-9.6213678515e+04	6.7314355888e+08	-1.8641069500e+06	1.4437351128e+06
3.4219934831e+04	2.4290458865e+06	3.4142904708e+02	3.6553170662e+02	-9.6213630081e+04	6.7314368114e+08	-1.9795255441e+06	1.4077437761e+06
3.4585466537e+04	2.4998322153e+06	3.2836576248e+02	3.8449685831e+02	-9.6213586529e+04	6.7314379572e+08	-2.0942143348e+06	1.3650741461e+06
3.4969963395e+04	2.5698157654e+06	3.1566982478e+02	4.0431809723e+02	-9.6213547443e+04	6.7314390280e+08	-2.2076017381e+06	1.3154647979e+06
3.5374281493e+04	2.6386041220e+06	3.0336962776e+02	4.2501545274e+02	-9.6213512447e+04	6.7314400252e+08	-2.3190519094e+06	1.2586619697e+06
3.5799296945e+04	2.7057623410e+06	2.9150088599e+02	4.4661617921e+02	-9.6213481208e+04	6.7314409499e+08	-2.4278600975e+06	1.1944225353e+06
3.6245913125e+04	2.7708098347e+06	2.8010817528e+02	4.6916068588e+02	-9.6213453428e+04	6.7314418029e+08	-2.5332475967e+06	1.1225167055e+06
3.6715073811e+04	2.8332168568e+06	2.6924677086e+02	4.9271224664e+02	-9.6213428846e+04	6.7314425845e+08	-2.6343560527e+06	1.0427300443e+06
3.7207786057e+04	2.8924003067e+06	2.5898482053e+02	5.1737305914e+02	-9.6213407237e+04	6.7314432946e+08	-2.7302406645e+06	9.5486409909e+05
3.7725159116e+04	2.9477183298e+06	2.4940589082e+02	5.4331136966e+02	-9.6213388413e+04	6.7314439327e+08	-2.8198614353e+06	8.5873443948e+05
3.8268470486e+04	2.9984627454e+06	2.4061193761e+02	5.7080882907e+02	-9.6213372220e+04	6.7314444974e+08	-2.9020709022e+06	7.5416398359e+05
3.8839279315e+04	3.0438474584e+06	2.3272681430e+02	6.0034710280e+02	-9.6213358548e+04	6.7314449866e+08	-2.9755953597e+06	6.4096771014e+05
3.9439626418e+04	3.0829892111e+06	2.2590063159e+02	6.3277647966e+02	-9.6213347334e+04	6.7314453972e+08	-3.0390036685e+06	5.1892116840e+05
4.0072402898e+04	3.1148729937e+06	2.2031587192e+02	6.6967180165e+02	-9.6213338574e+04	6.7314457242e+08	-3.0906512051e+06	3.8769691185e+05
4.0742074699e+04	3.1382844582e+06	2.1619783037e+02	7.1416152618e+02	-9.6213332350e+04	6.7314459604e+08	-3.1285703415e+06	2.4673256507e+05
4.1456236225e+04	3.1516635800e+06	2.1383689209e+02	7.7302010712e+02	-9.6213328876e+04	6.7314460944e+08	-3.1502333088e+06	9.4939042428e+04
4.2229256332e+04	3.1527427496e+06	2.1364619884e+02	8.5975758033e+02	-9.6213328618e+04	6.7314461063e+08	-3.1519657397e+06	-6.9991581724e+04
4.3089013913e+04	3.1375802643e+06	2.1632193574e+02	9.1983305072e+02	-9.6213332612e+04	6.7314459572e+08	-3.1273805469e+06	-2.5278613438e+05
4.3890592866e+04	3.1078227956e+06	2.2155296906e+02	7.9935113185e+02	-9.6213340604e+04	6.7314456578e+08	-3.0791489353e+06	-4.2119397330e+05
4.4601708225e+04	3.0686455974e+06	2.2840549314e+02	7.1072870250e+02	-9.6213351531e+04	6.7314452541e+08	-3.0156569425e+06	-5.6780190922e+05
4.5312436927e+04	3.0172699829e+06	2.3734745958e+02	6.5321786854e+02	-9.6213366643e+04	6.7314447085e+08	-2.9324005876e+06	-7.1059478156e+05
4.5965654796e+04	2.9590386536e+06	2.4744529325e+02	6.0512353545e+02	-9.6213384916e+04	6.7314440673e+08	-2.8380376717e+06	-8.3752726967e+05
4.6570778331e+04	2.8954373809e+06	2.5845878778e+02	5.6539623969e+02	-9.6213406392e+04	6.7314433376e+08	-2.7349753611e+06	-9.5050902196e+05
4.7136174571e+04	2.8273780533e+06	2.7026080922e+02	5.3068449457e+02	-9.6213431302e+04	6.7314425204e+08	-2.6246909991e+06	-1.0512201558e+06
4.7666859065e+04	2.7556764175e+06	2.8275115649e+02	4.9928480256e+02	-9.6213459938e+04	6.7314416158e+08	-2.5085062175e+06	-1.1406792164e+06
4.8166143868e+04	2.6810799551e+06	2.9584881820e+02	4.7032579051e+02	-9.6213492637e+04	6.7314406235e+08	-2.3876320714e+06	-1.2195912499e+06
4.8636469658e+04	2.6042690513e+06	3.0948903273e+02	4.4332174472e+02	-9.6213529791e+04	6.7314395423e+08	-2.2631709155e+06	-1.2885164720e+06
4.9079791403e+04	2.5258598636e+06	3.2362041537e+02	4.1798205169e+02	-9.6213571844e+04	6.7314383708e+08	-2.1361210450e+06	-1.3479447064e+06
4.9497773455e+04	2.4464078341e+06	3.3820239747e+02	3.9412215993e+02	-9.6213619296e+04	6.7314371072e+08	-2.0073823832e+06	-1.3983301678e+06
4.9891895615e+04	2.3664112315e+06	3.5320307452e+02	3.7161790459e+02	-9.6213672709e+04	6.7314357492e+08	-1.8777622192e+06	-1.4401080392e+06
5.0263513519e+04	2.2863146385e+06	3.6859743438e+02	3.5038049093e+02	-9.6213732708e+04	6.7314342944e+08	-1.7479808571e+06	-1.4737019881e+06
5.0613894010e+04	2.2065123990e+06	3.8436590727e+02	3.3034218664e+02	-9.6213799984e+04	6.7314327399e+08	-1.6186772014e+06	-1.4995269536e+06
5.0944236197e+04	2.1273520360e+06	4.0049317753e+02	3.1144792147e+02	-9.6213875302e+04	6.7314310826e+08	-1.4904142955e+06	-1.5179894312e+06
5.1255684118e+04	2.0491376348e+06	4.1696720431e+02	2.9365029967e+02	-9.6213959502e+04	6.7314293195e+08	-1.3636848022e+06	-1.5294864520e+06
5.1549334418e+04	1.9721331721e+06	4.3377840686e+02	2.7690665567e+02	-9.6214053507e+04	6.7314274470e+08	-1.2389163992e+06	-1.5344039248e+06
5.1826241074e+04	1.8965657693e+06	4.5091897779e+02	2.6117736601e+02	-9.6214158325e+04	6.7314254617e+08	-1.1164770498e+06	-1.5331147101e+06
5.2087418440e+04	1.8226288447e+06	4.6838229484e+02	2.4642495289e+02	-9.6214275052e+04	6.7314233599e+08	-9.9668011109e+05	-1.5259766255e+06
5.2333843393e+04	1.7504851448e+06	4.8616240746e+02	2.3261369930e+02	-9.6214404879e+04	6.7314211379e+08	-8.7978924496e+05	-1.5133304750e+06
5.2566457092e+04	1.6802696334e+06	5.0425357944e+02	2.1970960813e+02	-9.6214549090e+04	6.7314187920e+08	-7.6602310014e+05	-1.4954981281e+06
5.2786166700e+04	1.6120922257e+06	5.2264987307e+02	2.0768060985e+02	-9.6214709068e+04	6.7314163188e+08	-6.5555974179e+05	-1.4727806249e+06
5.2993847310e+04	1.5460403530e+06	5.4134476372e+02	1.9649697386e+02	-9.6214886289e+04	6.7314137146e+08	-5.4854080790e+05	-1.4454562446e+06
5.3190344284e+04	1.4821813493e+06	5.6033077793e+02	1.8613191932e+02	-9.6215082325e+04	6.7314109762e+08	-4.4507537600e+05	-1.4137784345e+06
5.3376476203e+04	1.4205646490e+06	5.7959915126e+02	1.7656245997e+02	-9.6215298834e+04	6.7314081005e+08	-3.4524352461e+05	-1.3779734506e+06
5.3553038663e+04	1.3612237861e+06	5.9913950742e+02	1.6777056407e+02	-9.6215537557e+04	6.7314050850e+08	-2.4909957276e+05	-1.3382374971e+06
5.3720809227e+04	1.3041781817e+06	6.1893956541e+02	1.5974477193e+02	-9.6215800300e+04	6.7314019273e+08	-1.5667497635e+05	-1.2947330541e+06
5.3880553999e+04	1.2494347024e+06	6.3898488941e+02	1.5248250291e+02	-9.6216088923e+04	6.7313986259e+08	-6.7980854506e+04	-1.2475839366e+06
5.4033036502e+04	1.1969889723e+06	6.5925870412e+02	1.4599340423e+02	-9.6216405322e+04	6.7313951798e+08	1.6989883939e+04	-1.1968683903e+06
5.4179029906e+04	1.1468264338e+06	6.7974180206e+02	1.4030420505e+02	-9.6216751399e+04	6.7313915887e+08	9.8260820860e+04	-1.1426091547e+06
5.4319334111e+04	1.0989232287e+06	7.0041254326e+02	1.3546536404e+02	-9.6217129047e+04	6.7313878532e+08	1.7587059861e+05	-1.0847588649e+06
5.4454799475e+04	1.0532472887e+06	7.2124679340e+02	1.3155790982e+02	-9.6217540113e+04	6.7313839748e+08	2.4987115067e+05	-1.0231785080e+06
5.4586357385e+04	1.0097612437e+06	7.4221696300e+02	1.2868824584e+02	-9.6217986344e+04	6.7313799559e+08	3.2032298559e+05	-9.5760688921e+05
5.4715045631e+04	9.6843360506e+05	7.6328639235e+02	1.2690464933e+02	-9.6218469212e+04	6.7313758016e+08	3.8727706183e+05	-8.8762611768e+05
5.4841950280e+04	9.2928465622e+05	7.8438264140e+02	1.2572991945e+02	-9.6218989133e+04	6.7313715247e+08	4.5070043247e+05	-8.1267403826e+05
5.4967680200e+04	8.9256869114e+05	8.0528234620e+02	1.2268571204e+02	-9.6219541944e+04	6.7313671715e+08	5.1018100831e+05	-7.3238938221e+05
5.5090365912e+04	8.5927469585e+05	8.2526437615e+02	1.1432033817e+02	-9.6220107213e+04	6.7313629015e+08	5.6411650059e+05	-6.4817094711e+05
5.5204686250e+04	8.3103128982e+05	8.4305813479e+02	1.0349332499e+02	-9.6220641948e+04	6.7313590114e+08	6.0986861318e+05	-5.6451154046e+05
5.5308179575e+04	8.0822314583e+05	8.5804087410e+02	9.4415435609e+01	-9.6221115902e+04	6.7313556726e+08	6.4681445285e+05	-4.8461914639e+05
5.5402595011e+04	7.9005582154e+05	8.7039544383e+02	8.7722201506e+01	-9.6221523528e+04	6.7313528757e+08	6.7624124552e+05	-4.0851680382e+05
5.5490317212e+04	7.7570592617e+05	8.8043302322e+02	8.2834311169e+01	-9.6221866183e+04	6.7313505743e+08	6.9948301169e+05	-3.3532551389e+05
5.5573151523e+04	7.6460173116e+05	8.8837725485e+02	7.9239013717e+01	-9.6222144818e+04	6.7313487343e+08	7.1746602422e+05	-2.6430722915e+05
5.5652390537e+04	7.5636214551e+05	8.9437554426e+02	7.6613659868e+01	-9.6222359621e+04	6.7313473341e+08	7.3080769574e+05	-1.9494565140e+05
5.5729004197e+04	7.5072729351e+05	8.9852978094e+02	7.4759913842e+01	-9.6222510634e+04	6.7313463588e+08	7.3992905376e+05	-1.2687184330e+05
5.5803764111e+04	7.4751752736e+05	9.0091544420e+02	7.3553765909e+01	-9.6222598179e+04	6.7313457968e+08	7.4512114488e+05	-5.9807467533e+04
5.5877317877e+04	7.4661038740e+05	9.0159224320e+02	7.2918070254e+01	-9.6222623094e+04	6.7313456371e+08	7.4658236177e+05	6.4689770811e+03
5.5950235947e+04	7.4792734967e+05	9.0061005606e+02	7.2818814849e+01	-9.6222586840e+04	6.7313458688e+08	7.4443991337e+05	7.2142468514e+04
5.6023054762e+04	7.5142687950e+05	8.9801168192e+02	7.3231785918e+01	-9.6222491513e+04	6.7313464808e+08	7.3876107715e+05	1.3738422810e+05
5.6096286548e+04	7.5710060266e+05	8.9383428997e+02	7.4150352536e+01	-9.6222339817e+04	6.7313474608e+08	7.2955940361e+05	2.0234722421e+05
5.6170436900e+04	7.6497080513e+05	8.8811066184e+02	7.5595655382e+01	-9.6222135030e+04	6.7313487963e+08	7.1679876688e+05	2.6717009658e+05
5.6246032556e+04	7.7509123267e+05	8.8086868949e+02	7.7610754385e+01	-9.6221880915e+04	6.7313504737e+08	7.0039206758e+05	3.3199001585e+05
5.6323643310e+04	7.8755012176e+05	8.7213001815e+02	8.0265449385e+01	-9.6221581599e+04	6.7313524795e+08	6.8019632099e+05	3.9694855989e+05
5.6403908759e+04	8.0247599533e+05	8.6190768615e+02	8.3665044593e+01	-9.6221241442e+04	6.7313548005e+08	6.5600326551e+05	4.6219848412e+05
5.6487573804e+04	8.2004728850e+05	8.5020244296e+02	8.7964951729e+01	-9.6220864880e+04	6.7313574248e+08	6.2752376507e+05	5.2791237877e+05
5.6575538756e+04	8.4050767208e+05	8.3699719781e+02	9.3393393406e+01	-9.6220456254e+04	6.7313603424e+08	5.9436297906e+05	5.9429436809e+05
5.6668932149e+04	8.6418991081e+05	8.2224892193e+02	1.0027964058e+02	-9.6220019623e+04	6.7313635471e+08	5.5598170327e+05	6.6159545613e+05
5.6769211790e+04	8.9155061613e+05	8.0587832921e+02	1.0904545555e+02	-9.6219558610e+04	6.7313670381e+08	5.1164005867e+05	7.3012803773e+05
5.6878257245e+04	9.2320480079e+05	7.8776589277e+02	1.1987763100e+02	-9.6219076523e+04	6.7313708193e+08	4.6034150622e+05	8.0024546351e+05
5.6998134876e+04	9.5985445143e+05	7.6781066240e+02	1.3097660765e+02	-9.6218578075e+04	6.7313748868e+08	4.0094861416e+05	8.7210135692e+05
5.7129111484e+04	1.0016155125e+06	7.4627808090e+02	1.3703617816e+02	-9.6218077003e+04	6.7313791598e+08	3.3327369129e+05	9.4454342493e+05
5.7266147662e+04	1.0467204803e+06	7.2432065781e+02	1.3804039940e+02	-9.6217603587e+04	6.7313833917e+08	2.6018112796e+05	1.0138686032e+06
5.7404188061e+04	1.0931606113e+06	7.0297805357e+02	1.3886083924e+02	-9.6217178003e+04	6.7313873828e+08	1.8492604645e+05	1.0774054387e+06
5.7543048901e+04	1.1405133593e+06	6.8240132985e+02	1.4110982198e+02	-9.6216798301e+04	6.7313911168e+08	1.0819307084e+05	1.1353699759e+06
5.7684158723e+04	1.1889711846e+06	6.6245789164e+02	1.4465439248e+02	-9.6216457486e+04	6.7313946295e+08	2.9670250796e+04	1.1886009229e+06
5.7828813115e+04	1.2387340960e+06	6.4303258880e+02	1.4922378428e+02	-9.6216149947e+04	6.7313979505e+08	-5.0966560379e+04	1.2376851661e+06
5.7978036899e+04	1.2899354543e+06	6.2405174503e+02	1.5464423960e+02	-9.6215871537e+04	6.7314010999e+08	-1.3393348634e+05	1.2829634825e+06
5.8132681139e+04	1.3426593841e+06	6.0546837895e+02	1.6081486304e+02	-9.6215619026e+04	6.7314040918e+08	-2.1936685300e+05	1.3246178338e+06
5.8293496002e+04	1.3969567080e+06	5.8725134189e+02	1.6767830103e+02	-9.6215389774e+04	6.7314069369e+08	-3.0734901226e+05	1.3627269090e+06
5.8461174303e+04	1.4528541400e+06	5.6937909280e+02	1.7520348993e+02	-9.6215181535e+04	6.7314096436e+08	-3.9792324430e+05	1.3972981943e+06
5.8636377793e+04	1.5103592609e+06	5.5183614474e+02	1.8337588966e+02	-9.6214992352e+04	6.7314122191e+08	-4.9110182013e+05	1.4282871207e+06
5.8819753683e+04	1.5694630678e+06	5.3461098741e+02	1.9219176312e+02	-9.6214820493e+04	6.7314146695e+08	-5.8687013536e+05	1.4556090702e+06
5.9011945446e+04	1.6301410933e+06	5.1769484903e+02	2.0165466485e+02	-9.6214664402e+04	6.7314170002e+08	-6.8518852406e+05	1.4791472781e+06
5.9213600111e+04	1.6923536343e+06	5.0108095595e+02	2.1177317677e+02	-9.6214522677e+04	6.7314192164e+08	-7.8599263052e+05	1.4987582888e+06
5.9425373287e+04	1.7560453941e+06	4.8476410059e+02	2.2255937298e+02	-9.6214394047e+04	6.7314213226e+08	-8.8919282975e+05	1.5142759120e+06
5.9647932660e+04	1.8211447122e+06	4.6874041043e+02	2.3402772451e+02	-9.6214277354e+04	6.7314233231e+08	-9.9467298010e+05	1.5255142496e+06
5.9881960385e+04	1.8875624864e+06	4.5300725551e+02	2.4619427844e+02	-9.6214171545e+04	6.7314252220e+08	-1.1022886768e+06	1.5322701502e+06
6.0128154663e+04	1.9551908504e+06	4.3756325880e+02	2.5907601386e+02	-9.6214075660e+04	6.7314270228e+08	-1.2118651101e+06	1.5343253293e+06
6.0387230677e+04	2.0239016487e+06	4.2240838958e+02	2.7269031989e+02	-9.6213988821e+04	6.7314287293e+08	-1.3231945945e+06	1.5314483173e+06
6.0659920997e+04	2.0935447354e+06	4.0754413069e+02	2.8705456714e+02	-9.6213910231e+04	6.7314303447e+08	-1.4360338119e+06	1.5233963535e+06
6.0946975564e+04	2.1639461157e+06	3.9297371791e+02	3.0218576518e+02	-9.6213839162e+04	6.7314318719e+08	-1.5501008016e+06	1.5099173145e+06
6.1249161329e+04	2.2349059451e+06	3.7870245542e+02	3.1810031716e+02	-9.6213774950e+04	6.7314333140e+08	-1.6650717176e+06	1.4907517428e+06
6.1567261647e+04	2.3061963960e+06	3.6473811603e+02	3.3481390301e+02	-9.6213716994e+04	6.7314346734e+08	-1.7805773737e+06	1.4656350273e+06
6.1902075550e+04	2.3775594038e+06	3.5109143976e+02	3.5234154987e+02	-9.6213664745e+04	6.7314359526e+08	-1.8961995906e+06	1.4342997704e+06
6.2254417099e+04	2.4487042955e+06	3.3777674855e+02	3.7069798449e+02	-9.6213617707e+04	6.7314371537e+08	-2.0114673549e+06	1.3964783590e+06
6.2625115084e+04	2.5193053064e+06	3.2481269951e+02	3.8989841809e+02	-9.6213575431e+04	6.7314382786e+08	-2.1258527953e+06	1.3519057361e+06
6.3015013502e+04	2.5889989773e+06	3.1222320410e+02	4.0996000121e+02	-9.6213537513e+04	6.7314393289e+08	-2.2387669667e+06	1.3003223344e+06
6.3424973503e+04	2.6573814139e+06	3.0003854446e+02	4.3090432292e+02	-9.6213503590e+04	6.7314403059e+08	-2.3495554088e+06	1.2414770879e+06
6.3855877826e+04	2.7240053597e+06	2.8829672242e+02	4.5276155880e+02	-9.6213473336e+04	6.7314412107e+08	-2.4574934054e+06	1.1751303596e+06
6.4308639385e+04	2.7883769904e+06	2.7704507859e+02	4.7557726581e+02	-9.6213446466e+04	6.7314420439e+08	-2.5617807897e+06	1.1010565045e+06
6.4784216651e+04	2.8499522462e+06	2.6634221960e+02	4.9942352762e+02	-9.6213422729e+04	6.7314428058e+08	-2.6615360025e+06	1.0190455891e+06
6.5283640178e+04	2.9081323691e+06	2.5626029052e+02	5.2441747337e+02	-9.6213401908e+04	6.7314434960e+08	-2.7557888615e+06	9.2890345421e+05
6.5808057652e+04	2.9622580257e+06	2.4688763214e+02	5.5075280645e+02	-9.6213383826e+04	6.7314441139e+08	-2.8434710374e+06	8.3044871629e+05
6.6358810458e+04	3.0116008602e+06	2.3833188429e+02	5.7875548129e+02	-9.6213368340e+04	6.7314446580e+08	-2.9234023672e+06	7.2350420916e+05
6.6937565939e+04	3.0553502652e+06	2.3072368365e+02	6.0898713024e+02	-9.6213355353e+04	6.7314451259e+08	-2.9942694154e+06	6.0787820438e+05
6.7546553070e+04	3.0925909185e+06	2.2422137709e+02	6.4245057567e+02	-9.6213344816e+04	6.7314455138e+08	-3.0545890715e+06	4.8332617669e+05
6.8189003645e+04	3.1222615149e+06	2.1901795721e+02	6.8103501340e+02	-9.6213336746e+04	6.7314458166e+08	-3.1026416724e+06	3.4947334668e+05
6.8870038659e+04	3.1430720151e+06	2.1535366458e+02	7.2858241222e+02	-9.6213331254e+04	6.7314460259e+08	-3.1363368954e+06	2.0565157501e+05
6.9598621071e+04	3.1533183270e+06	2.1354447540e+02	7.9355743760e+02	-9.6213328608e+04	6.7314461285e+08	-3.1529134331e+06	5.0530729794e+04
7.0392178509e+04	3.1504056749e+06	2.1405911781e+02	8.8871684059e+02	-9.6213329385e+04	6.7314461011e+08	-3.1481665791e+06	-1.1875650248e+05
7.1280895349e+04	3.1296971795e+06	2.1771019183e+02	8.9546858889e+02	-9.6213334869e+04	6.7314458962e+08	-3.1145825190e+06	-3.0721355335e+05
7.2049445916e+04	3.0968015643e+06	2.2348429943e+02	7.6688191820e+02	-9.6213343792e+04	6.7314455629e+08	-3.0612565547e+06	-4.6785492949e+05
7.2816327834e+04	3.0499134343e+06	2.3167074238e+02	6.9135854406e+02	-9.6213357110e+04	6.7314450748e+08	-2.9852595545e+06	-6.2465778581e+05
7.3507686378e+04	2.9953599601e+06	2.4115016111e+02	6.3346421237e+02	-9.6213373545e+04	6.7314444877e+08	-2.8968458118e+06	-7.6188295255e+05
7.4141150590e+04	2.9349010789e+06	2.5162532726e+02	5.8892933410e+02	-9.6213393047e+04	6.7314438116e+08	-2.7988663097e+06	-8.8317140084e+05
7.4730079925e+04	2.8694641502e+06	2.6295883916e+02	5.5142784124e+02	-9.6213415827e+04	6.7314430478e+08	-2.6928231828e+06	-9.9122541099e+05
7.5281507766e+04	2.7998957294e+06	2.7503922847e+02	5.1814495051e+02	-9.6213442148e+04	6.7314421966e+08	-2.5800878513e+06	-1.0874570222e+06
7.5799652716e+04	2.7269837190e+06	2.8777432228e+02	4.8777019522e+02	-9.6213472320e+04	6.7314412581e+08	-2.4619367901e+06	-1.1727350278e+06
7.6287422911e+04	2.6514492132e+06	3.0108978677e+02	4.5961537035e+02	-9.6213506702e+04	6.7314402313e+08	-2.3395382646e+06	-1.2476953308e+06
7.6747038282e+04	2.5739472251e+06	3.1492638980e+02	4.3328563893e+02	-9.6213545704e+04	6.7314391152e+08	-2.2139534889e+06	-1.3128649080e+06
7.7180323921e+04	2.4950698866e+06	3.2923723309e+02	4.0853906281e+02	-9.6213589793e+04	6.7314379082e+08	-2.0861418010e+06	-1.3687169631e+06
7.7588862984e+04	2.4153499971e+06	3.4398534956e+02	3.8521854107e+02	-9.6213639493e+04	6.7314366082e+08	-1.9569664089e+06	-1.4156970307e+06
7.7974081525e+04	2.3352645445e+06	3.5914170541e+02	3.6321589486e+02	-9.6213695388e+04	6.7314352128e+08	-1.8272000933e+06	-1.4542353014e+06
7.8337297420e+04	2.2552381742e+06	3.7468356070e+02	3.4245181788e+02	-9.6213758129e+04	6.7314337196e+08	-1.6975308277e+06	-1.4847519360e+06
7.8679749237e+04	2.1756466250e+06	3.9059312793e+02	3.2286427041e+02	-9.6213828436e+04	6.7314321255e+08	-1.5685673449e+06	-1.5076586887e+06
7.9002613508e+04	2.0968201352e+06	4.0685647087e+02	3.0440162309e+02	-9.6213907103e+04	6.7314304275e+08	-1.4408446560e+06	-1.5233585778e+06
7.9307015131e+04	2.0190468067e+06	4.2346259401e+02	2.8701858654e+02	-9.6213995001e+04	6.7314286223e+08	-1.3148295018e+06	-1.5322445591e+06
7.9594033717e+04	1.9425759081e+06	4.4040268154e+02	2.7067382682e+02	-9.6214093084e+04	6.7314267064e+08	-1.1909257043e+06	-1.5346977310e+06
7.9864707544e+04	1.8676210910e+06	4.5766945206e+02	2.5532862814e+02	-9.6214202396e+04	6.7314246762e+08	-1.0694793790e+06	-1.5310853658e+06
8.0120036172e+04	1.7943634982e+06	4.7525660196e+02	2.4094622121e+02	-9.6214324069e+04	6.7314225281e+08	-9.5078397089e+05	-1.5217589180e+06
8.0360982394e+04	1.7229547412e+06	4.9315831580e+02	2.2749154724e+02	-9.6214459330e+04	6.7314202584e+08	-8.3508507920e+05	-1.5070520730e+06
8.0588473941e+04	1.6535197310e+06	5.1136882657e+02	2.1493132200e+02	-9.6214609500e+04	6.7314178635e+08	-7.2258504466e+05	-1.4872788420e+06
8.0803405263e+04	1.5861593473e+06	5.2988201277e+02	2.0323432565e+02	-9.6214776000e+04	6.7314153397e+08	-6.1344727487e+05	-1.4627316623e+06
8.1006639589e+04	1.5209529359e+06	5.4869102282e+02	1.9237189000e+02	-9.6214960343e+04	6.7314126837e+08	-5.0780029018e+05	-1.4336794266e+06
8.1199011479e+04	1.4579606221e+06	5.6778792099e+02	1.8231859393e+02	-9.6215164136e+04	6.7314098923e+08	-4.0574147373e+05	-1.4003653209e+06
8.1381330072e+04	1.3972254333e+06	5.8716335307e+02	1.7305321812e+02	-9.6215389070e+04	6.7314069626e+08	-3.0734051005e+05	-1.3630043002e+06
8.1554383291e+04	1.3387752173e+06	6.0680623520e+02	1.6456006173e+02	-9.6215636912e+04	6.7314038920e+08	-2.1264249425e+05	-1.3217799560e+06
8.1718943352e+04	1.2826243427e+06	6.2670347546e+02	1.5683079448e+02	-9.6215909492e+04	6.7314006786e+08	-1.2167068833e+05	-1.2768404160e+06
8.1875774147e+04	1.2287751641e+06	6.4683974603e+02	1.4986711930e+02	-9.6216208686e+04	6.7313973211e+08	-3.4428895697e+04	-1.2282927399e+06
8.2025641266e+04	1.1772192347e+06	6.6719733144e+02	1.4368464859e+02	-9.6216536395e+04	6.7313938186e+08	4.9096572233e+04	-1.1761949894e+06
8.2169325915e+04	1.1279382801e+06	6.8775607546e+02	1.3831845739e+02	-9.6216894522e+04	6.7313901713e+08	1.2893531635e+05	-1.1205447103e+06
8.2307644372e+04	1.0809050803e+06	7.0849339308e+02	1.3383023989e+02	-9.6217284945e+04	6.7313863800e+08	2.0513141661e+05	-1.0612619349e+06
8.2441474612e+04	1.0360849437e+06	7.2938403537e+02	1.3031321190e+02	-9.6217709481e+04	6.7313824465e+08	2.7774103964e+05	-9.9816427783e+05
8.2571787824e+04	9.9344053056e+05	7.5039809448e+02	1.2787076599e+02	-9.6218169808e+04	6.7313783742e+08	3.4682461673e+05	-9.3093328064e+05
8.2699658590e+04	9.5295117048e+05	7.7149057852e+02	1.2644545188e+02	-9.6218667149e+04	6.7313741698e+08	4.1241553752e+05	-8.5908635057e+05
8.2826104042e+04	9.1469221843e+05	7.9255356936e+02	1.2500774860e+02	-9.6219200863e+04	6.7313698541e+08	4.7439158536e+05	-7.8205784837e+05
8.2951111790e+04	8.7912859159e+05	8.1322516210e+02	1.2008344903e+02	-9.6219762429e+04	6.7313655043e+08	5.3199945131e+05	-6.9988832278e+05
8.3071195239e+04	8.4763138922e+05	8.3250196898e+02	1.1008522734e+02	-9.6220321266e+04	6.7313613466e+08	5.8301804922e+05	-6.1527955132e+05
8.3181280467e+04	8.2155321058e+05	8.4921523742e+02	9.9664179457e+01	-9.6220834227e+04	6.7313576639e+08	6.2525664799e+05	-5.3292007088e+05
8.3280944646e+04	8.0066035264e+05	8.6313718618e+02	9.1558004732e+01	-9.6221282357e+04	6.7313545412e+08	6.5909424422e+05	-4.5458968040e+05
8.3372502651e+04	7.8406071444e+05	8.7455823275e+02	8.5640630936e+01	-9.6221664546e+04	6.7313519420e+08	6.8597618981e+05	-3.7972078023e+05
8.3458143282e+04	7.7102806591e+05	8.8376047856e+02	8.1304417843e+01	-9.6221982258e+04	6.7313498231e+08	7.0707902212e+05	-3.0744680011e+05
8.3539447700e+04	7.6107484652e+05	8.9093380893e+02	7.8116222149e+01	-9.6222236077e+04	6.7313481561e+08	7.2319260719e+05	-2.3712312183e+05
8.3617563922e+04	7.5387359685e+05	8.9620491630e+02	7.5809475646e+01	-9.6222426070e+04	6.7313469227e+08	7.3484743795e+05	-1.6829926611e+05
8.3693373397e+04	7.4919926898e+05	8.9966372665e+02	7.4219190457e+01	-9.6222552347e+04	6.7313461094e+08	7.4240809458e+05	-1.0064673736e+05
8.3767592588e+04	7.4689651678e+05	9.0137864498e+02	7.3241957822e+01	-9.6222615414e+04	6.7313457050e+08	7.4612623469e+05	-3.3912367730e+04
8.3840834546e+04	7.4686116207e+05	9.0140503150e+02	7.2814409993e+01	-9.6222616341e+04	6.7313456988e+08	7.4617061839e+05	3.2109245632e+04
8.3913648956e+04	7.4902947210e+05	8.9978993011e+02	7.2919783514e+01	-9.6222556844e+04	6.7313460797e+08	7.4264447861e+05	9.7592666055e+04
8.3986568739e+04	7.5337341885e+05	8.9657361150e+02	7.3528056293e+01	-9.6222439251e+04	6.7313468362e+08	7.3559319712e+05	1.6270880918e+05
8.4060096796e+04	7.5989658055e+05	8.9179154847e+02	7.4647719954e+01	-9.6222266500e+04	6.7313479559e+08	7.2501095007e+05	2.2760038537e+05
8.4134744515e+04	7.6863326160e+05	8.8547472655e+02	7.6308059364e+01	-9.6222042070e+04	6.7313494259e+08	7.1084212959e+05	2.9240478389e+05
8.4211052575e+04	7.7965011849e+05	8.7764882131e+02	7.8561770886e+01	-9.6221769879e+04	6.7313512326e+08	6.9297870808e+05	3.5726015367e+05
8.4289614346e+04	7.9305017870e+05	8.6833247620e+02	8.1491143593e+01	-9.6221454162e+04	6.7313533625e+08	6.7125372538e+05	4.2231152258e+05
8.4371105489e+04	8.0897996081e+05	8.5753447843e+02	8.5218822670e+01	-9.6221099328e+04	6.7313558027e+08	6.4542975057e+05	4.8771817074e+05
8.4456324312e+04	8.2764103954e+05	8.4524942829e+02	8.9925334984e+01	-9.6220709798e+04	6.7313585420e+08	6.1518014152e+05	5.5366333075e+05
8.4546249647e+04	8.4930830475e+05	8.3145127141e+02	9.5875002751e+01	-9.6220289826e+04	6.7313615717e+08	5.8005945743e+05	6.2036732858e+05
8.4642124650e+04	8.7435796606e+05	8.1608413945e+02	1.0344016577e+02	-9.6219843314e+04	6.7313648875e+08	5.3945808024e+05	6.8810379484e+05
8.4745564816e+04	9.0330548024e+05	7.9905240139e+02	1.1303148560e+02	-9.6219373710e+04	6.7313684906e+08	4.9254075991e+05	7.5720828736e+05
8.4858596301e+04	9.3682346657e+05	7.8022859311e+02	1.2440319258e+02	-9.6218884477e+04	6.7313723853e+08	4.3821760060e+05	8.2801180067e+05
8.4982999494e+04	9.7552858274e+05	7.5958504153e+02	1.3418045107e+02	-9.6218382422e+04	6.7313765509e+08	3.7548947997e+05	9.0036862794e+05
8.5117179945e+04	1.0188966295e+06	7.3771378045e+02	1.3771984558e+02	-9.6217888115e+04	6.7313808431e+08	3.0520620640e+05	9.7211085435e+05
8.5254899790e+04	1.0646645681e+06	7.1592947233e+02	1.3821806116e+02	-9.6217432470e+04	6.7313849928e+08	2.3103536886e+05	1.0392946169e+06
8.5393117852e+04	1.1114510155e+06	6.9489519149e+02	1.3956156621e+02	-9.6217025529e+04	6.7313888804e+08	1.5521549092e+05	1.1005596355e+06
8.5532679418e+04	1.1592055186e+06	6.7458129168e+02	1.4235061720e+02	-9.6216661725e+04	6.7313925241e+08	7.7828189275e+04	1.1565899045e+06
8.5675030035e+04	1.2081507717e+06	6.5485034902e+02	1.4632040626e+02	-9.6216334417e+04	6.7313959594e+08	-1.4875139832e+03	1.2081498560e+06
8.5821350441e+04	1.2584601297e+06	6.3560478672e+02	1.5123644193e+02	-9.6216038634e+04	6.7313992118e+08	-8.3012595044e+04	1.2557192390e+06
8.5972586883e+04	1.3102454324e+06	6.1678297635e+02	1.5695758429e+02	-9.6215770637e+04	6.7314022985e+08	-1.6692831562e+05	1.2995684017e+06
8.6129544467e+04	1.3635763911e+06	5.9834507578e+02	1.6340259716e+02	-9.6215527456e+04	6.7314052322e+08	-2.5334765008e+05	1.3398341474e+06
8.6292947065e+04	1.4184936486e+06	5.8026422814e+02	1.7052588351e+02	-9.6215306620e+04	6.7314080226e+08	-3.4233645575e+05	1.3765645580e+06
8.6463472948e+04	1.4750160536e+06	5.6252156765e+02	1.7830368515e+02	-9.6215106008e+04	6.7314106775e+08	-4.3392526408e+05	1.4097450916e+06
8.6641776633e+04	1.5331445320e+06	5.4510334370e+02	1.8672619059e+02	-9.6214923754e+04	6.7314132036e+08	-5.2811555761e+05	1.4393144597e+06
8.6828502824e+04	1.5928639947e+06	5.2799922471e+02	1.9579283040e+02	-9.6214758200e+04	6.7314156069e+08	-6.2488286198e+05	1.4651747727e+06
8.7024295654e+04	1.6541440621e+06	5.1120128347e+02	2.0550933384e+02	-9.6214607853e+04	6.7314178925e+08	-7.2417792204e+05	1.4871983444e+06
8.7229804988e+04	1.7169390379e+06	4.9470339358e+02	2.1588579372e+02	-9.6214471362e+04	6.7314200655e+08	-8.2592666007e+05	1.5052324777e+06
8.7445690782e+04	1.7811873748e+06	4.7850088520e+02	2.2693532806e+02	-9.6214347504e+04	6.7314221301e+08	-9.3002931100e+05	1.5191030066e+06
8.7672626110e+04	1.8468107752e+06	4.6259037353e+02	2.3867310676e+02	-9.6214235161e+04	6.7314240906e+08	-1.0363589655e+06	1.5286170658e+06
8.7911299217e+04	1.9137130119e+06	4.4696970956e+02	2.5111560804e+02	-9.6214133319e+04	6.7314259509e+08	-1.1447596603e+06	1.5335653922e+06
8.8162414825e+04	1.9817785236e+06	4.3163802430e+02	2.6428002689e+02	-9.6214041050e+04	6.7314277147e+08	-1.2550441019e+06	1.5337243621e+06
8.8426694852e+04	2.0508708180e+06	4.1659585154e+02	2.7818379143e+02	-9.6213957508e+04	6.7314293854e+08	-1.3669910808e+06	1.5288579062e+06
8.8704878643e+04	2.1208307079e+06	4.0184532305e+02	2.9284416778e+02	-9.6213881925e+04	6.7314309661e+08	-1.4803426130e+06	1.5187194078e+06
8.8997722811e+04	2.1914743956e+06	3.8739043669e+02	3.0827795273e+02	-9.6213813596e+04	6.7314324600e+08	-1.5948008372e+06	1.5030536638e+06
8.9306000763e+04	2.2625914195e+06	3.7323740362e+02	3.2450127353e+02	-9.6213751885e+04	6.7314338696e+08	-1.7100246879e+06	1.4815989668e+06
8.9630502037e+04	2.3339424732e+06	3.5939508486e+02	3.4152953515e+02	-9.6213696209e+04	6.7314351976e+08	-1.8256263620e+06	1.4540893558e+06
8.9972031572e+04	2.4052571045e+06	3.4587553265e+02	3.5937758633e+02	-9.6213646042e+04	6.7314364462e+08	-1.9411675919e+06	1.4202570609e+06
9.0331409158e+04	2.4762313016e+06	3.3269465607e+02	3.7806021840e+02	-9.6213600906e+04	6.7314376174e+08	-2.0561557341e+06	1.3798351554e+06
9.0709469377e+04	2.5465249635e+06	3.1987303535e+02	3.9759317637e+02	-9.6213560370e+04	6.7314387131e+08	-2.1700396723e+06	1.3325603965e+06
9.1107062553e+04	2.6157592481e+06	3.0743691369e+02	4.1799496514e+02	-9.6213524045e+04	6.7314397348e+08	-2.2822055201e+06	1.2781762039e+06
9.1525057518e+04	2.6835137660e+06	2.9541939966e+02	4.3928990062e+02	-9.6213491585e+04	6.7314406837e+08	-2.3919720757e+06	1.2164356627e+06
9.1964347419e+04	2.7493235606e+06	2.8386191668e+02	4.6151313863e+02	-9.6213462679e+04	6.7314415606e+08	-2.4985859291e+06	1.1471043525e+06
9.2425860558e+04	2.8126757501e+06	2.7281593743e+02	4.8471890421e+02	-9.6213437054e+04	6.7314423660e+08	-2.6012160223e+06	1.0699626537e+06
9.2910579462e+04	2.8730056034e+06	2.6234504088e+02	5.0899403930e+02	-9.6213414474e+04	6.7314431001e+08	-2.6989472907e+06	9.8480694538e+05
9.3419573501e+04	2.9296916224e+06	2.5252732911e+02	5.3448069674e+02	-9.6213394737e+04	6.7314437624e+08	-2.7907726949e+06	8.9144869039e+05
9.3954054198e+04	2.9820488454e+06	2.4345824812e+02	5.6141546977e+02	-9.6213377679e+04	6.7314443518e+08	-2.8755823705e+06	7.8970965989e+05
9.4515469668e+04	3.0293188908e+06	2.3525389582e+02	5.9019973769e+02	-9.6213363173e+04	6.7314448666e+08	-2.9521474920e+06	6.7941013218e+05
9.5105669405e+04	3.0706538553e+06	2.2805503818e+02	6.2153352064e+02	-9.6213351141e+04	6.7314453039e+08	-3.0190941788e+06	5.6034403629e+05
9.5727202926e+04	3.1050881305e+06	2.2203246893e+02	6.5668989734e+02	-9.6213341556e+04	6.7314456595e+08	-3.0748578185e+06	4.3222875207e+05
9.6383892823e+04	3.1314849279e+06	2.1739552417e+02	6.9813270670e+02	-9.6213334469e+04	6.7314459271e+08	-3.1175964002e+06	2.9460234076e+05
9.7082025530e+04	3.1484247412e+06	2.1440896917e+02	7.5104863141e+02	-9.6213330039e+04	6.7314460969e+08	-3.1450097419e+06	1.4660175424e+05
9.7833074161e+04	3.1539423174e+06	2.1343418283e+02	8.2679426785e+02	-9.6213328629e+04	6.7314461527e+08	-3.1539131952e+06	-1.3553535053e+04
9.8659868429e+04	3.1448201946e+06	2.1504523294e+02	9.2058132541e+02	-9.6213331027e+04	6.7314460638e+08	-3.1390927231e+06	-1.8971276122e+05
9.9580449755e+04	3.1158429260e+06	2.2014557150e+02	8.4530958457e+02	-9.6213338783e+04	6.7314457745e+08	-3.0920974197e+06	-3.8394099344e+05
1.0030901476e+05	3.0786939958e+06	2.2665116398e+02	7.2776727231e+02	-9.6213349039e+04	6.7314453940e+08	-3.0318716776e+06	-5.3489330734e+05
1.0103678203e+05	3.0288259613e+06	2.3533958140e+02	6.6535740545e+02	-9.6213363525e+04	6.7314448682e+08	-2.9510384153e+06	-6.8202564116e+05
1.0170213944e+05	2.9718352501e+06	2.4522836083e+02	6.1447627785e+02	-9.6213381151e+04	6.7314442457e+08	-2.8586683359e+06	-8.1229311127e+05
1.0231661572e+05	2.9092850555e+06	2.5606068872e+02	5.7329723927e+02	-9.6213401934e+04	6.7314435344e+08	-2.7572937011e+06	-9.2804686302e+05
1.0288991296e+05	2.8420977788e+06	2.6770508221e+02	5.3770713538e+02	-9.6213426096e+04	6.7314427357e+08	-2.6484086070e+06	-1.0312379138e+06
1.0342762009e+05	2.7711016170e+06	2.8005725461e+02	5.0569844565e+02	-9.6213453917e+04	6.7314418497e+08	-2.5333547007e+06	-1.1229951614e+06
1.0393331854e+05	2.6970582602e+06	2.9303241412e+02	4.7627298567e+02	-9.6213485726e+04	6.7314408759e+08	-2.4133659558e+06	-1.2040714357e+06
1.0440959152e+05	2.6206620779e+06	3.0656261022e+02	4.4888464185e+02	-9.6213521903e+04	6.7314398136e+08	-2.2895673074e+06	-1.2750495171e+06
1.0485847617e+05	2.5425425200e+06	3.2059385685e+02	4.2321113438e+02	-9.6213562880e+04	6.7314386614e+08	-2.1629785220e+06	-1.3364304620e+06
1.0528168730e+05	2.4632675688e+06	3.3508349167e+02	3.9905028184e+02	-9.6213609146e+04	6.7314374174e+08	-2.0345197803e+06	-1.3886743242e+06
1.0568073758e+05	2.3833472884e+06	3.4999793800e+02	3.7626773249e+02	-9.6213661250e+04	6.7314360796e+08	-1.9050174262e+06	-1.4322195721e+06
1.0605700531e+05	2.3032373238e+06	3.6531085724e+02	3.5476867233e+02	-9.6213719800e+04	6.7314346455e+08	-1.7752096321e+06	-1.4674920552e+06
1.0641177399e+05	2.2233423550e+06	3.8100163596e+02	3.3448176721e+02	-9.6213785476e+04	6.7314331123e+08	-1.6457519950e+06	-1.4949085586e+06
1.0674625575e+05	2.1440195208e+06	3.9705414698e+02	3.1534977447e+02	-9.6213859026e+04	6.7314314770e+08	-1.5172230852e+06	-1.5148774919e+06
1.0706160553e+05	2.0655818108e+06	4.1345572995e+02	2.9732397536e+02	-9.6213941275e+04	6.7314297366e+08	-1.3901299407e+06	-1.5277980774e+06
1.0735892950e+05	1.9883014077e+06	4.3019634503e+02	2.8036087861e+02	-9.6214033126e+04	6.7314278875e+08	-1.2649134842e+06	-1.5340587880e+06
1.0763929038e+05	1.9124129584e+06	4.4726786188e+02	2.6442031379e+02	-9.6214135569e+04	6.7314259263e+08	-1.1419538235e+06	-1.5340354587e+06
1.0790371070e+05	1.8381167502e+06	4.6466345264e+02	2.4946439570e+02	-9.6214249683e+04	6.7314238494e+08	-1.0215753973e+06	-1.5280892955e+06
1.0815317509e+05	1.7655817685e+06	4.8237706452e+02	2.3545704814e+02	-9.6214376636e+04	6.7314216531e+08	-9.0405193122e+05	-1.5165648971e+06
1.0838863214e+05	1.6949486179e+06	5.0040295189e+02	2.2236390049e+02	-9.6214517694e+04	6.7314193338e+08	-7.8961117047e+05	-1.4997883240e+06
1.0861099604e+05	1.6263322897e+06	5.1873525264e+02	2.1015244789e+02	-9.6214674218e+04	6.7314168878e+08	-6.7843936496e+05	-1.4780652031e+06
1.0882114849e+05	1.5598247640e+06	5.3736759713e+02	1.9879242131e+02	-9.6214847665e+04	6.7314143116e+08	-5.7068548520e+05	-1.4516788114e+06
1.0901994091e+05	1.4954974342e+06	5.5629274166e+02	1.8825635455e+02	-9.6215039588e+04	6.7314116018e+08	-4.6646515176e+05	-1.4208880455e+06
1.0920819726e+05	1.4334033456e+06	5.7550222228e+02	1.7852037466e+02	-9.6215251626e+04	6.7314087554e+08	-3.6586426298e+05	-1.3859251395e+06
1.0938671764e+05	1.3735792378e+06	5.9498602901e+02	1.6956528574e+02	-9.6215485504e+04	6.7314057696e+08	-2.6894230437e+05	-1.3469929322e+06
1.0955628292e+05	1.3160473777e+06	6.1473230614e+02	1.6137807387e+02	-9.6215743014e+04	6.7314026421e+08	-1.7573532009e+05	-1.3042613992e+06
1.0971766100e+05	1.2608171683e+06	6.3472709143e+02	1.5395404349e+02	-9.6216026009e+04	6.7313993713e+08	-8.6258520625e+04	-1.2578630289e+06
1.0987161504e+05	1.2078865143e+06	6.5495411540e+02	1.4729990988e+02	-9.6216336376e+04	6.7313959558e+08	-5.0849679433e+02	-1.2078864072e+06
1.1001891495e+05	1.1572429335e+06	6.7539468735e+02	1.4143829549e+02	-9.6216676020e+04	6.7313923954e+08	8.1534976280e+04	-1.1543670364e+06
1.1016035325e+05	1.1088644615e+06	6.9602767958e+02	1.3641401598e+02	-9.6217046837e+04	6.7313886903e+08	1.5990747070e+05	-1.0972738923e+06
1.1029676726e+05	1.0627206295e+06	7.1682951041e+02	1.3230127962e+02	-9.6217450687e+04	6.7313848419e+08	2.3465831577e+05	-1.0364895616e+06
1.1042906854e+05	1.0187747153e+06	7.3777352443e+02	1.2920344983e+02	-9.6217889346e+04	6.7313808524e+08	3.0584694379e+05	-9.7178164596e+05
1.1055827199e+05	9.7699207365e+05	7.5882602417e+02	1.2719850714e+02	-9.6218364375e+04	6.7313767261e+08	3.7352938215e+05	-9.0276758507e+05
1.1068547050e+05	9.3737415310e+05	7.7992691286e+02	1.2600356125e+02	-9.6218876554e+04	6.7313724731e+08	4.3770313499e+05	-8.2890667057e+05
1.1081147406e+05	9.0009617792e+05	8.0090405628e+02	1.2370859273e+02	-9.6219423298e+04	6.7313681283e+08	4.9808415331e+05	-7.4972348618e+05
1.1093518265e+05	8.6594242132e+05	8.2117939378e+02	1.1649305256e+02	-9.6219989023e+04	6.7313638182e+08	5.5340187740e+05	-6.6603501344e+05
1.1105167571e+05	8.3653470994e+05	8.3952683825e+02	1.0571537845e+02	-9.6220533786e+04	6.7313598252e+08	6.0102947975e+05	-5.8185383509e+05
1.1115739109e+05	8.1262678359e+05	8.5510339601e+02	9.6122803048e+01	-9.6221021597e+04	6.7313563670e+08	6.3974666493e+05	-5.0108531621e+05
1.1125351389e+05	7.9355487014e+05	8.6798582015e+02	8.8965664600e+01	-9.6221443171e+04	6.7313534596e+08	6.7062906340e+05	-4.2424755891e+05
1.1134247955e+05	7.7845356552e+05	8.7849141576e+02	8.3745989348e+01	-9.6221799449e+04	6.7313510568e+08	6.9507866642e+05	-3.5050763352e+05
1.1142622554e+05	7.6670005949e+05	8.8686392437e+02	7.9909758427e+01	-9.6222091588e+04	6.7313491213e+08	7.1410440489e+05	-2.7907683554e+05
1.1150613530e+05	7.5787977604e+05	8.9326398066e+02	7.7099105997e+01	-9.6222319887e+04	6.7313476295e+08	7.2837786910e+05	-2.0939779068e+05
1.1158323441e+05	7.5171144739e+05	8.9780112660e+02	7.5094530284e+01	-9.6222484374e+04	6.7313465655e+08	7.3835469326e+05	-1.4107603297e+05
1.1165832894e+05	7.4800083067e+05	9.0055532398e+02	7.3759186647e+01	-9.6222585288e+04	6.7313459170e+08	7.4434953191e+05	-7.3817457506e+04
1.1173208812e+05	7.4661472675e+05	9.0158900258e+02	7.3007561553e+01	-9.6222623345e+04	6.7313456731e+08	7.4657814729e+05	-7.3905475319e+03
1.1180509569e+05	7.4746610726e+05	9.0095377706e+02	7.2795786927e+01	-9.6222599869e+04	6.7313458230e+08	7.4518150214e+05	5.8396150275e+04
1.1187789147e+05	7.5050591441e+05	8.9869386848e+02	7.3102660505e+01	-9.6222516828e+04	6.7313463556e+08	7.4023904105e+05	1.2371454913e+05
1.1195099413e+05	7.5571911868e+05	8.9484744694e+02	7.3913250709e+01	-9.6222376794e+04	6.7313472588e+08	7.3177507647e+05	1.8872367046e+05
1.1202490738e+05	7.6312152599e+05	8.8944823667e+02	7.5244384772e+01	-9.6222182934e+04	6.7313485202e+08	7.1976396376e+05	2.5356320691e+05
1.1210015177e+05	7.7276005838e+05	8.8252524634e+02	7.7134193700e+01	-9.6221938914e+04	6.7313501265e+08	7.0412964203e+05	3.1837015414e+05
1.1217728596e+05	7.8471528157e+05	8.7410160152e+02	7.9646248671e+01	-9.6221648798e+04	6.7313520640e+08	6.8474153731e+05	3.8328462038e+05
1.1225693221e+05	7.9910654905e+05	8.6419241612e+02	8.2877361888e+01	-9.6221316906e+04	6.7313543194e+08	6.6140622598e+05	4.4845633117e+05
1.1233980957e+05	8.1610069371e+05	8.5280142748e+02	8.6970758147e+01	-9.6220947673e+04	6.7313568805e+08	6.3385334968e+05	5.1405279241e+05
1.1242678033e+05	8.3592594154e+05	8.3991589708e+02	9.2136941643e+01	-9.6220545475e+04	6.7313597367e+08	6.0171306827e+05	5.8027025016e+05
1.1251891727e+05	8.5889369519e+05	8.2549909550e+02	9.8681836835e+01	-9.6220114448e+04	6.7313628810e+08	5.6448076048e+05	6.4734832253e+05
1.1261759911e+05	8.8543102544e+05	8.0948024446e+02	1.0701536502e+02	-9.6219658311e+04	6.7313663113e+08	5.2146437427e+05	7.1558577905e+05
1.1272461447e+05	9.1611836925e+05	7.9174729476e+02	1.1744609252e+02	-9.6219180389e+04	6.7313700308e+08	4.7172334746e+05	7.8533429184e+05
1.1284206057e+05	9.5166225367e+05	7.7218160973e+02	1.2885563342e+02	-9.6218684756e+04	6.7313740400e+08	4.1411284647e+05	8.5683813842e+05
1.1297091620e+05	9.9241776737e+05	7.5091671395e+02	1.3633993155e+02	-9.6218182165e+04	6.7313782848e+08	3.4805773007e+05	9.2938089153e+05
1.1310725613e+05	1.0370311966e+06	7.2893077023e+02	1.3796887839e+02	-9.6217700289e+04	6.7313825491e+08	2.7575229513e+05	9.9969714132e+05
1.1324522501e+05	1.0832683092e+06	7.0742352984e+02	1.3857691881e+02	-9.6217264286e+04	6.7313865967e+08	2.0081753660e+05	1.0644916847e+06
1.1338380193e+05	1.1304174092e+06	6.8669430594e+02	1.4051581314e+02	-9.6216875477e+04	6.7313903822e+08	1.2440667251e+05	1.1235508439e+06
1.1352431774e+05	1.1786226177e+06	6.6662817722e+02	1.4381187382e+02	-9.6216526968e+04	6.7313939389e+08	4.6285966482e+04	1.1777134135e+06
1.1366812962e+05	1.2280964305e+06	6.4710064075e+02	1.4818222480e+02	-9.6216212779e+04	6.7313972985e+08	-3.3889053742e+04	1.2276287609e+06
1.1381631184e+05	1.2789852805e+06	6.2803043771e+02	1.5343306927e+02	-9.6215928504e+04	6.7314004829e+08	-1.1635574886e+05	1.2736815487e+06
1.1396974491e+05	1.3313821105e+06	6.0936604523e+02	1.5945100524e+02	-9.6215670754e+04	6.7314035071e+08	-2.0126476327e+05	1.3160816157e+06
1.1412919591e+05	1.3853438290e+06	5.9107360800e+02	1.6617125275e+02	-9.6215436782e+04	6.7314063825e+08	-2.8870832586e+05	1.3549262073e+06
1.1429536717e+05	1.4409017247e+06	5.7312991679e+02	1.7355819034e+02	-9.6215224272e+04	6.7314091178e+08	-3.7873713291e+05	1.3902359383e+06
1.1446892536e+05	1.4980671483e+06	5.5551841527e+02	1.8159436177e+02	-9.6215031212e+04	6.7314117205e+08	-4.7136956113e+05	1.4219760608e+06
1.1465051972e+05	1.5568344722e+06	5.3822687727e+02	1.9027409439e+02	-9.6214855825e+04	6.7314141968e+08	-5.6659646577e+05	1.4500696599e+06
1.1484079381e+05	1.6171824552e+06	5.2124602693e+02	1.9959962195e+02	-9.6214696522e+04	6.7314165524e+08	-6.6438339498e+05	1.4744062527e+06
1.1504039344e+05	1.6790746289e+06	5.0456871251e+02	2.0957861047e+02	-9.6214551870e+04	6.7314187925e+08	-7.6467121675e+05	1.4948476644e+06
1.1524997205e+05	1.7424590459e+06	4.8818942017e+02	2.2022249873e+02	-9.6214420571e+04	6.7314209215e+08	-8.6737571231e+05	1.5112322457e+06
1.1547019455e+05	1.8072675860e+06	4.7210400682e+02	2.3154532684e+02	-9.6214301445e+04	6.7314229441e+08	-9.7238645341e+05	1.5233780597e+06
1.1570173987e+05	1.8734149375e+06	4.5630958200e+02	2.4356286725e+02	-9.6214193418e+04	6.7314248641e+08	-1.0795651514e+06	1.5310854359e+06
1.1594530274e+05	1.9407973221e+06	4.4080449861e+02	2.5629194903e+02	-9.6214095510e+04	6.7314266854e+08	-1.1887435926e+06	1.5341391451e+06
1.1620159469e+05	2.0092910103e+06	4.2558842972e+02	2.6974991322e+02	-9.6214006828e+04	6.7314284115e+08	-1.2997212333e+06	1.5323103732e+06
1.1647134460e+05	2.0787506556e+06	4.1066252068e+02	2.8395416589e+02	-9.6213926557e+04	6.7314300459e+08	-1.4122625008e+06	1.5253586191e+06
1.1675529877e+05	2.1490074677e+06	3.9602961301e+02	2.9892181696e+02	-9.6213853955e+04	6.7314315915e+08	-1.5260938347e+06	1.5130336097e+06
1.1705422058e+05	2.2198672410e+06	3.8169454322e+02	3.1466941251e+02	-9.6213788346e+04	6.7314330513e+08	-1.6409004922e+06	1.4950773031e+06
1.1736889000e+05	2.2911082483e+06	3.6766452417e+02	3.3121278702e+02	-9.6213729114e+04	6.7314344280e+08	-1.7563231372e+06	1.4712260340e+06
1.1770010278e+05	2.3624790119e+06	3.5394962150e+02	3.4856708754e+02	-9.6213675702e+04	6.7314357240e+08	-1.8719542282e+06	1.4412128396e+06
1.1804866987e+05	2.4336959563e+06	3.4056334207e+02	3.6674705634e+02	-9.6213627601e+04	6.7314369414e+08	-1.9873342167e+06	1.4047699878e+06
1.1841541693e+05	2.5044409491e+06	3.2752335581e+02	3.8576770794e+02	-9.6213584353e+04	6.7314380823e+08	-2.1019475632e+06	1.3616317082e+06
1.1880118464e+05	2.5743587242e+06	3.1485237733e+02	4.0564561692e+02	-9.6213545546e+04	6.7314391483e+08	-2.2152185631e+06	1.3115370976e+06
1.1920683025e+05	2.6430541731e+06	3.0257923778e+02	4.2640115542e+02	-9.6213510806e+04	6.7314401407e+08	-2.3265069585e+06	1.2542331259e+06
1.1963323141e+05	2.7100894634e+06	2.9074018148e+02	4.4806222568e+02	-9.6213479802e+04	6.7314410607e+08	-2.4351032705e+06	1.1894776004e+06
1.2008129363e+05	2.7749809029e+06	2.7938042484e+02	4.7067038407e+02	-9.6213452238e+04	6.7314419090e+08	-2.5402237189e+06	1.1170418388e+06
1.2055196402e+05	2.8371953916e+06	2.6855601524e+02	4.9429087187e+02	-9.6213427858e+04	6.7314426859e+08	-2.6410044739e+06	1.0367126213e+06
1.2104625489e+05	2.8961461660e+06	2.5833602744e+02	5.1902922170e+02	-9.6213406437e+04	6.7314433914e+08	-2.7364947611e+06	9.4829269601e+05
1.2156528411e+05	2.9511872937e+06	2.4880513560e+02	5.4505935785e+02	-9.6213387788e+04	6.7314440247e+08	-2.8256479406e+06	8.5159858987e+05
1.2211034347e+05	3.0016059075e+06	2.4006661453e+02	5.7267278303e+02	-9.6213371763e+04	6.7314445845e+08	-2.9073089219e+06	7.4645351957e+05
1.2268301625e+05	3.0466102560e+06	2.3224589040e+02	6.0236885820e+02	-9.6213358254e+04	6.7314450687e+08	-2.9801947977e+06	6.3267133599e+05
1.2328538511e+05	3.0853097494e+06	2.2549497767e+02	6.3503138528e+02	-9.6213347200e+04	6.7314454740e+08	-3.0428625041e+06	5.1002355925e+05
1.2392041650e+05	3.1166789180e+06	2.1999876927e+02	6.7230360524e+02	-9.6213338603e+04	6.7314457953e+08	-3.0936504025e+06	3.7817279795e+05
1.2459272010e+05	3.1394865640e+06	2.1598593528e+02	7.1746754812e+02	-9.6213332550e+04	6.7314460252e+08	-3.1305634471e+06	2.3653411905e+05
1.2531018765e+05	3.1521411706e+06	2.1375250258e+02	7.7766480174e+02	-9.6213329268e+04	6.7314461519e+08	-3.1510226148e+06	8.3966901676e+04
1.2608785245e+05	3.1523049657e+06	2.1372355919e+02	8.6656845872e+02	-9.6213329247e+04	6.7314461548e+08	-3.1512393696e+06	-8.1957505609e+04
1.2695442091e+05	3.1358757755e+06	2.1662226507e+02	9.1569100018e+02	-9.6213333580e+04	6.7314459931e+08	-3.1245656558e+06	-2.6609461069e+05
1.2774788594e+05	3.1053713875e+06	2.2198280968e+02	7.9133588984e+02	-9.6213341790e+04	6.7314456856e+08	-3.0750914774e+06	-4.3260127078e+05
1.2845425827e+05	3.0656167318e+06	2.2893389888e+02	7.0605535525e+02	-9.6213352912e+04	6.7314452753e+08	-3.0106355495e+06	-5.7799613695e+05
1.2916031363e+05	3.0138048923e+06	2.3794920312e+02	6.4979851333e+02	-9.6213368210e+04	6.7314447239e+08	-2.9266448432e+06	-7.1956229136e+05
1.2981011214e+05	2.9552143053e+06	2.4810769085e+02	6.0243829889e+02	-9.6213386676e+04	6.7314440771e+08	-2.8316753079e+06	-8.4552146082e+05
1.3041255044e+05	2.8913099963e+06	2.5917367192e+02	5.6310612051e+02	-9.6213408358e+04	6.7314433419e+08	-2.7281001551e+06	-9.5767585263e+05
1.3097565656e+05	2.8230001459e+06	2.7102137909e+02	5.2863912057e+02	-9.6213433493e+04	6.7314425193e+08	-2.6173904114e+06	-1.0576375835e+06
1.3150429568e+05	2.7510966158e+06	2.8355182874e+02	4.9741185219e+02	-9.6213462372e+04	6.7314416093e+08	-2.5008612238e+06	-1.1463968461e+06
1.3200170753e+05	2.6763426758e+06	2.9668510498e+02	4.6858643179e+02	-9.6213495337e+04	6.7314406114e+08	-2.3797166887e+06	-1.2246463161e+06
1.3247029397e+05	2.5994146058e+06	3.1035736311e+02	4.4169337704e+02	-9.6213532783e+04	6.7314395246e+08	-2.2550524014e+06	-1.2929404317e+06
1.3291198734e+05	2.5209246685e+06	3.2451796443e+02	4.1645067298e+02	-9.6213575157e+04	6.7314383475e+08	-2.1278602516e+06	-1.3517662276e+06
1.3332843802e+05	2.4414246335e+06	3.3912693999e+02	3.9267858568e+02	-9.6213622965e+04	6.7314370780e+08	-1.9990341240e+06	-1.4015765453e+06
1.3372111660e+05	2.3614093164e+06	3.5415286376e+02	3.7025574480e+02	-9.6213676771e+04	6.7314357141e+08	-1.8693756277e+06	-1.4428058505e+06
1.3409137235e+05	2.2813200629e+06	3.6957110284e+02	3.4909501055e+02	-9.6213737202e+04	6.7314342531e+08	-1.7395997394e+06	-1.4758773580e+06
1.3444046736e+05	2.2015481938e+06	3.8536238537e+02	3.2912964223e+02	-9.6213804957e+04	6.7314326923e+08	-1.6103403849e+06	-1.5012056136e+06
1.3476959700e+05	2.1224384220e+06	4.0151162689e+02	3.1030516810e+02	-9.6213880804e+04	6.7314310285e+08	-1.4821559746e+06	-1.5191966700e+06
1.3507990217e+05	2.0442922318e+06	4.1800696249e+02	2.9257455787e+02	-9.6213965589e+04	6.7314292587e+08	-1.3555348801e+06	-1.5302470121e+06
1.3537247673e+05	1.9673712049e+06	4.3483894109e+02	2.7589537519e+02	-9.6214060239e+04	6.7314273792e+08	-1.2309008229e+06	-1.5347418747e+06
1.3564837210e+05	1.8919002673e+06	4.5199984560e+02	2.6022815039e+02	-9.6214165767e+04	6.7314253867e+08	-1.1086181370e+06	-1.5330533088e+06
1.3590860025e+05	1.8180708353e+06	4.6948311005e+02	2.4553552265e+02	-9.6214283276e+04	6.7314232775e+08	-9.8899686574e+05	-1.5255381876e+06
1.3615413577e+05	1.7460438378e+06	4.8728281016e+02	2.3178188059e+02	-9.6214413962e+04	6.7314210479e+08	-8.7229765983e+05	-1.5125362396e+06
1.3638591765e+05	1.6759525965e+06	5.0539320897e+02	2.1893333911e+02	-9.6214559116e+04	6.7314186942e+08	-7.5873644483e+05	-1.4943681317e+06
1.3660485099e+05	1.6079055496e+06	5.2380834311e+02	2.0695796065e+02	-9.6214720126e+04	6.7314162129e+08	-6.4848883444e+05	-1.4713335747e+06
1.3681180895e+05	1.5419888058e+06	5.4252163911e+02	1.9582617873e+02	-9.6214898475e+04	6.7314136004e+08	-5.4169426970e+05	-1.4437093875e+06
1.3700763513e+05	1.4782685193e+06	5.6152555271e+02	1.8551142194e+02	-9.6215095740e+04	6.7314108535e+08	-4.3845986753e+05	-1.4117474136e+06
1.3719314655e+05	1.4167930755e+06	5.8081122799e+02	1.7599097552e+02	-9.6215313584e+04	6.7314079692e+08	-3.3886396302e+05	-1.3756721387e+06
1.3736913753e+05	1.3575950772e+06	6.0036817797e+02	1.6724716493e+02	-9.6215553753e+04	6.7314049448e+08	-2.4295932880e+05	-1.3356777898e+06
1.3753638470e+05	1.3006931186e+06	6.2018399388e+02	1.5926900851e+02	-9.6215818057e+04	6.7314017783e+08	-1.5077604990e+05	-1.2919245998e+06
1.3769565370e+05	1.2460933286e+06	6.4024409844e+02	1.5205457792e+02	-9.6216108359e+04	6.7313984679e+08	-6.2324026909e+04	-1.2445337678e+06
1.3784770828e+05	1.1937906673e+06	6.6053156614e+02	1.4561442654e+02	-9.6216426554e+04	6.7313950127e+08	2.2404921799e+04	-1.1935804023e+06
1.3799332271e+05	1.1437699714e+06	6.8102703694e+02	1.3997655285e+02	-9.6216774547e+04	6.7313914126e+08	1.0343536243e+05	-1.1390833478e+06
1.3813329926e+05	1.0960068318e+06	7.0170871958e+02	1.3519314654e+02	-9.6217154228e+04	6.7313876681e+08	1.8080681916e+05	-1.0809902263e+06
1.3826849241e+05	1.0504687281e+06	7.2255231098e+02	1.3134724766e+02	-9.6217567440e+04	6.7313837808e+08	2.5457192878e+05	-1.0191553766e+06
1.3839983966e+05	1.0071181748e+06	7.4352990957e+02	1.2854566362e+02	-9.6218015920e+04	6.7313797533e+08	3.2479133282e+05	-9.5330876848e+05
1.3852838532e+05	9.6592492625e+05	7.6460380434e+02	1.2682480836e+02	-9.6218501109e+04	6.7313755908e+08	3.9151389049e+05	-8.8302199106e+05
1.3865521013e+05	9.2691610456e+05	7.8569711921e+02	1.2563721792e+02	-9.6219023291e+04	6.7313713071e+08	4.5469546322e+05	-8.0772860579e+05
1.3878084734e+05	8.9037371866e+05	8.0656843497e+02	1.2233192338e+02	-9.6219577744e+04	6.7313669527e+08	5.1387899920e+05	-7.2711328764e+05
1.3890317927e+05	8.5734971406e+05	8.2645173297e+02	1.1365498722e+02	-9.6220142478e+04	6.7313626973e+08	5.6736053181e+05	-6.4276788901e+05
1.3901683426e+05	8.2945379198e+05	8.4407623145e+02	1.0285444764e+02	-9.6220673974e+04	6.7313588392e+08	6.1253332709e+05	-5.5928214368e+05
1.3911968870e+05	8.0696282996e+05	8.5888561178e+02	9.3932463453e+01	-9.6221143799e+04	6.7313555354e+08	6.4894970676e+05	-4.7963870469e+05
1.3921362117e+05	7.8905536092e+05	8.7108710619e+02	8.7370597973e+01	-9.6221547321e+04	6.7313527708e+08	6.7794065043e+05	-4.0373857518e+05
1.3930099176e+05	7.7492242163e+05	8.8098841701e+02	8.2576193218e+01	-9.6221885963e+04	6.7313504990e+08	7.0081662845e+05	-3.3069746421e+05
1.3938356796e+05	7.6400668571e+05	8.8880744738e+02	7.9049269157e+01	-9.6222160612e+04	6.7313486870e+08	7.1848043863e+05	-2.5979236922e+05
1.3946261723e+05	7.5593633630e+05	8.9468797346e+02	7.6476929888e+01	-9.6222371430e+04	6.7313473137e+08	7.3153436961e+05	-1.9051826846e+05
1.3953909416e+05	7.5045746338e+05	8.9872978928e+02	7.4666655373e+01	-9.6222518466e+04	6.7313463646e+08	7.4038971289e+05	-1.2251317228e+05
1.3961376081e+05	7.4739453197e+05	9.0100714152e+02	7.3497991225e+01	-9.6222602070e+04	6.7313458280e+08	7.4533079815e+05	-5.5503042702e+04
1.3968725880e+05	7.4662814003e+05	9.0157898686e+02	7.2896136798e+01	-9.6222623117e+04	6.7313456930e+08	7.4655102144e+05	1.0730883762e+04
1.3976015494e+05	7.4808220907e+05	9.0049471872e+02	7.2829921400e+01	-9.6222583107e+04	6.7313459489e+08	7.4417359376e+05	7.6371813446e+04
1.3983298486e+05	7.5171739947e+05	8.9779672382e+02	7.3274220254e+01	-9.6222484176e+04	6.7313465841e+08	7.3826220258e+05	1.4159085036e+05
1.3990625908e+05	7.5752727923e+05	8.9352188727e+02	7.4224840332e+01	-9.6222329064e+04	6.7313475868e+08	7.2882722211e+05	2.0653924346e+05
1.3998048392e+05	7.6553605346e+05	8.8770270857e+02	7.5704209248e+01	-9.6222121083e+04	6.7313489440e+08	7.1582938992e+05	2.7135536418e+05
1.4005618813e+05	7.7579950732e+05	8.8036673881e+02	7.7756881376e+01	-9.6221864022e+04	6.7313506423e+08	6.9917827538e+05	3.3617646379e+05
1.4013394501e+05	7.8840818981e+05	8.7153516660e+02	8.0454567372e+01	-9.6221562027e+04	6.7313526681e+08	6.7872711904e+05	4.0114457698e+05
1.4021439958e+05	8.0349341045e+05	8.6122038698e+02	8.3905198947e+01	-9.6221219467e+04	6.7313550085e+08	6.5426311407e+05	4.6641337695e+05
1.4029830478e+05	8.2123715625e+05	8.4942222117e+02	8.8267976314e+01	-9.6220840778e+04	6.7313576513e+08	6.2549133503e+05	5.3215698493e+05
1.4038657276e+05	8.4188785582e+05	8.3612222549e+02	9.3776611492e+01	-9.6220430289e+04	6.7313605869e+08	5.9200919169e+05	5.9858188974e+05
1.4048034937e+05	8.6578487663e+05	8.2127542013e+02	1.0076735850e+02	-9.6219992035e+04	6.7313638095e+08	5.5326673135e+05	6.6594247243e+05
1.4058111673e+05	8.9339389914e+05	8.0479994030e+02	1.0966364898e+02	-9.6219529610e+04	6.7313673184e+08	5.0850931825e+05	7.3455492121e+05
1.4069078037e+05	9.2533991736e+05	7.8657436180e+02	1.2060346064e+02	-9.6219046327e+04	6.7313711179e+08	4.5672417225e+05	8.0477139185e+05
1.4081138384e+05	9.6231900130e+05	7.6650545182e+02	1.3155763204e+02	-9.6218547147e+04	6.7313752021e+08	3.9678343009e+05	8.7671019720e+05
1.4094294147e+05	1.0043614179e+06	7.4490420774e+02	1.3719188900e+02	-9.6218046803e+04	6.7313794812e+08	3.2863849711e+05	9.4907249243e+05
1.4108013336e+05	1.0495919763e+06	7.2296519947e+02	1.3806210023e+02	-9.6217576079e+04	6.7313837016e+08	2.5532900242e+05	1.0180620891e+06
1.4121819546e+05	1.0960890623e+06	7.0167211101e+02	1.3895780030e+02	-9.6217153543e+04	6.7313876759e+08	1.7996934718e+05	1.0812133308e+06
1.4135715326e+05	1.1435038914e+06	6.8113913303e+02	1.4129642709e+02	-9.6216776468e+04	6.7313913950e+08	1.0312456409e+05	1.1388443590e+06
1.4149844968e+05	1.1920380661e+06	6.6123091911e+02	1.4491195412e+02	-9.6216437876e+04	6.7313948950e+08	2.4467728102e+04	1.1917869278e+06
1.4164336164e+05	1.2418874922e+06	6.4183517170e+02	1.4953862215e+02	-9.6216132265e+04	6.7313982048e+08	-5.6318768106e+04	1.2406098257e+06
1.4179290026e+05	1.2931818531e+06	6.2288031143e+02	1.5500829459e+02	-9.6215855559e+04	6.7314013440e+08	-1.3944515254e+05	1.2856416120e+06
1.4194790855e+05	1.3460028092e+06	6.0432060386e+02	1.6122351089e+02	-9.6215604573e+04	6.7314043265e+08	-2.2504379108e+05	1.3270564625e+06
1.4210913207e+05	1.4003994647e+06	5.8612564630e+02	1.6812896257e+02	-9.6215376695e+04	6.7314071627e+08	-3.1319426517e+05	1.3649278417e+06
1.4227726103e+05	1.4563972257e+06	5.6827435985e+02	1.7569484838e+02	-9.6215169700e+04	6.7314098610e+08	-4.0393773576e+05	1.3992595130e+06
1.4245295588e+05	1.5140025814e+06	5.5075155557e+02	1.8390744042e+02	-9.6214981648e+04	6.7314124285e+08	-4.9728469587e+05	1.4300041076e+06
1.4263686332e+05	1.5732055421e+06	5.3354592391e+02	1.9276354304e+02	-9.6214810816e+04	6.7314148713e+08	-5.9321892475e+05	1.4570748042e+06
1.4282962686e+05	1.6339806898e+06	5.1664883558e+02	2.0226708140e+02	-9.6214655662e+04	6.7314171947e+08	-6.9169919276e+05	1.4803530394e+06
1.4303189394e+05	1.6962873633e+06	5.0005362482e+02	2.1242689466e+02	-9.6214514791e+04	6.7314194039e+08	-7.9265956326e+05	1.4996938473e+06
1.4324432084e+05	1.7600692703e+06	4.8375517251e+02	2.2325523513e+02	-9.6214386939e+04	6.7314215034e+08	-8.9600876540e+05	1.5149297438e+06
1.4346757607e+05	1.8252536960e+06	4.6774968519e+02	2.3476669406e+02	-9.6214270955e+04	6.7314234974e+08	-1.0016289121e+06	1.5258737094e+06
1.4370234277e+05	1.8917504073e+06	4.5203460990e+02	2.4697739408e+02	-9.6214165793e+04	6.7314253900e+08	-1.1093737269e+06	1.5323216169e+06
1.4394932016e+05	1.9594503181e+06	4.3660865012e+02	2.5990435408e+02	-9.6214070497e+04	6.7314271849e+08	-1.2190663801e+06	1.5340543374e+06
1.4420922451e+05	2.0282239514e+06	4.2147186400e+02	2.7356497369e+02	-9.6213984196e+04	6.7314288856e+08	-1.3304969997e+06	1.5308396817e+06
1.4448278949e+05	2.0979197284e+06	4.0662583604e+02	2.8797661009e+02	-9.6213906096e+04	6.7314304954e+08	-1.4434198982e+06	1.5224342955e+06
1.4477076610e+05	2.1683621005e+06	3.9207392111e+02	3.0315624104e+02	-9.6213835474e+04	6.7314320173e+08	-1.5575505477e+06	1.5085855926e+06
1.4507392234e+05	2.2393495395e+06	3.7782156485e+02	3.1912022632e+02	-9.6213771670e+04	6.7314334541e+08	-1.6725623239e+06	1.4890337917e+06
1.4539304256e+05	2.3106523978e+06	3.6387670961e+02	3.3588420079e+02	-9.6213714085e+04	6.7314348084e+08	-1.7880830393e+06	1.4635141093e+06
1.4572892677e+05	2.3820106452e+06	3.5025029976e+02	3.5346315891e+02	-9.6213662175e+04	6.7314360827e+08	-1.9036912778e+06	1.4317591392e+06
1.4608238992e+05	2.4531314920e+06	3.3695690424e+02	3.7187182907e+02	-9.6213615447e+04	6.7314372790e+08	-2.0189125440e+06	1.3935014377e+06
1.4645426175e+05	2.5236868974e+06	3.2401547944e+02	3.9112549249e+02	-9.6213573455e+04	6.7314383992e+08	-2.1332152272e+06	1.3484763069e+06
1.4684538725e+05	2.5933109598e+06	3.1145029965e+02	4.1124149027e+02	-9.6213535797e+04	6.7314394448e+08	-2.2460063741e+06	1.2964247381e+06
1.4725662874e+05	2.6615971655e+06	2.9929208687e+02	4.3224180470e+02	-9.6213502111e+04	6.7314404174e+08	-2.3566272318e+06	1.2370964238e+06
1.4768887054e+05	2.7280954485e+06	2.8757937558e+02	4.5415733813e+02	-9.6213472077e+04	6.7314413177e+08	-2.4643484849e+06	1.1702526739e+06
1.4814302788e+05	2.7923089613e+06	2.7636014993e+02	4.7703491992e+02	-9.6213445410e+04	6.7314421464e+08	-2.5683650250e+06	1.0956689435e+06
1.4862006280e+05	2.8536903709e+06	2.6569379151e+02	5.0094880492e+02	-9.6213421860e+04	6.7314429038e+08	-2.6677899484e+06	1.0131364786e+06
1.4912101160e+05	2.9116373288e+06	2.5565337451e+02	5.2601980189e+02	-9.6213401216e+04	6.7314435896e+08	-2.7616472175e+06	9.2246223793e+05
1.4964703141e+05	2.9654864749e+06	2.4632834863e+02	5.5244790215e+02	-9.6213383299e+04	6.7314442029e+08	-2.8488619439e+06	8.2346563826e+05
1.5019947931e+05	3.0145047726e+06	2.3782767370e+02	5.8057005697e+02	-9.6213367972e+04	6.7314447423e+08	-2.9282463454e+06	7.1596952791e+05
